"Time","Infected","Quarantined","Deceased","Hospitalized","Output"
1,0.000124531,0.000505011,8.19856e-05,2.5123e-05,0
2,0.000121031,0.000506048,8.65049e-05,2.47505e-05,0
3,0.000117584,0.000506572,9.09528e-05,2.44061e-05,0
4,0.000114241,0.000506638,9.53348e-05,2.40845e-05,0
5,0.000110998,0.000506299,9.96554e-05,2.37819e-05,0
6,0.000107855,0.000505595,0.000103918,2.34948e-05,0
7,0.00010481,0.000504566,0.000108127,2.32205e-05,0
8,0.00010186,0.000503243,0.000112283,2.29569e-05,0
9,9.9005e-05,0.000501656,0.000116389,2.27019e-05,0
10,9.62435e-05,0.000499829,0.000120447,2.24542e-05,0
11,9.35874e-05,0.000497785,0.000124457,2.22124e-05,0
12,9.1029e-05,0.000495545,0.000128423,2.19757e-05,0
13,8.8569e-05,0.000493126,0.000132343,2.17434e-05,0
14,8.62088e-05,0.000490544,0.00013622,2.15147e-05,0
15,8.39504e-05,0.000487814,0.000140053,2.12894e-05,0
16,8.17967e-05,0.000484951,0.000143844,2.10669e-05,0
17,7.97558e-05,0.000481967,0.000147593,2.08473e-05,0
18,7.77892e-05,0.000478873,0.000151301,2.06303e-05,0
19,7.59278e-05,0.00047568,0.000154968,2.04157e-05,0
20,7.41772e-05,0.000472399,0.000158596,2.02035e-05,0
21,7.25444e-05,0.00046904,0.000162183,1.99939e-05,0
22,7.0944e-05,0.000465611,0.000165731,1.97868e-05,0
23,6.94416e-05,0.00046212,0.00016924,1.9582e-05,0
24,6.80441e-05,0.000458576,0.000172712,1.93796e-05,0
25,6.67597e-05,0.000454985,0.000176145,1.91798e-05,0
26,6.55472e-05,0.000451356,0.000179541,1.89827e-05,0
27,6.44496e-05,0.000447695,0.000182901,1.87884e-05,0
28,6.34809e-05,0.00044401,0.000186224,1.85972e-05,0
29,6.23186e-05,0.000440307,0.000189512,1.84094e-05,0
30,6.1179e-05,0.000436588,0.000192765,1.82232e-05,0
31,6.00114e-05,0.000432854,0.000195984,1.80386e-05,0
32,5.88553e-05,0.000429108,0.000199168,1.7855e-05,0
33,5.7713e-05,0.000425351,0.000202319,1.76724e-05,0
34,5.65863e-05,0.000421585,0.000205436,1.74907e-05,0
35,5.54771e-05,0.000417813,0.000208519,1.73098e-05,0
36,5.43874e-05,0.000414035,0.000211569,1.71298e-05,0
37,5.33188e-05,0.000410253,0.000214585,1.69505e-05,0
38,5.22733e-05,0.00040647,0.000217569,1.67722e-05,0
39,5.12527e-05,0.000402685,0.00022052,1.65947e-05,0
40,5.02586e-05,0.000398902,0.000223438,1.64181e-05,0
41,4.9293e-05,0.00039512,0.000226324,1.62425e-05,0
42,4.83578e-05,0.000391343,0.000229177,1.6068e-05,0
43,4.74549e-05,0.000387571,0.000231999,1.58946e-05,0
44,4.65864e-05,0.000383807,0.000234789,1.57224e-05,0
45,4.57552e-05,0.000380051,0.000237547,1.55516e-05,0
46,4.48389e-05,0.000376306,0.000240274,1.53822e-05,0
47,4.39266e-05,0.00037257,0.00024297,1.52135e-05,0
48,4.30194e-05,0.000368844,0.000245635,1.50456e-05,0
49,4.21188e-05,0.000365128,0.00024827,1.48783e-05,0
50,4.12261e-05,0.000361423,0.000250875,1.47117e-05,0
51,4.03425e-05,0.000357728,0.000253448,1.45457e-05,0
52,3.94692e-05,0.000354044,0.000255992,1.43805e-05,0
53,3.86074e-05,0.000350371,0.000258506,1.4216e-05,0
54,3.77581e-05,0.00034671,0.00026099,1.40522e-05,0
55,4.71246e-05,0.000343061,0.000263444,1.38892e-05,0
56,5.86998e-05,0.000339674,0.000265869,1.37946e-05,0
57,7.2943e-05,0.000336656,0.000268276,1.37755e-05,0
58,9.04766e-05,0.00033413,0.00027068,1.38414e-05,0
59,0.000112067,0.000332233,0.000273096,1.40055e-05,0
60,0.000138583,0.000331129,0.000275542,1.42846e-05,0
61,0.000171117,0.000331011,0.000278038,1.47001e-05,0
62,0.000211144,0.000332109,0.00028061,1.52784e-05,0
63,0.000260397,0.000334704,0.000283287,1.60534e-05,0
64,0.000321003,0.000339136,0.000286106,1.70672e-05,0
65,0.000395581,0.000345824,0.000289111,1.83721e-05,0
66,0.000487354,0.000355279,0.000292358,2.00325e-05,0
67,0.000600281,0.000368126,0.000295913,2.2128e-05,0
68,0.00073923,0.000385136,0.000299862,2.47568e-05,0
69,0.000910185,0.000407253,0.000304311,2.80392e-05,0
70,0.00112049,0.000435638,0.000309394,3.21235e-05,0
71,0.00137917,0.000471718,0.000315279,3.71916e-05,0
72,0.00133753,0.000517242,0.000322181,4.34664e-05,0
73,0.00129752,0.000565579,0.000330378,4.88367e-05,0
74,0.0012587,0.000615713,0.000339711,5.34372e-05,0
75,0.00122103,0.000666807,0.000350039,5.738e-05,0
76,0.00118449,0.00071818,0.000361237,6.07599e-05,0
77,0.00114904,0.00076928,0.000373191,6.36572e-05,0
78,0.00111466,0.000819668,0.000385802,6.61402e-05,0
79,0.00108131,0.000868992,0.000398984,6.82664e-05,0
80,0.00104898,0.00091698,0.000412657,7.00849e-05,0
81,0.00101762,0.000963418,0.000426755,7.1637e-05,0
82,0.000987217,0.00100815,0.000441218,7.29578e-05,0
83,0.000957748,0.00105106,0.000455993,7.40773e-05,0
84,0.000929188,0.00109206,0.000471035,7.50209e-05,0
85,0.000901519,0.0011311,0.000486301,7.58103e-05,0
86,0.00087472,0.00116817,0.000501756,7.64638e-05,0
87,0.00084878,0.00120324,0.000517368,7.69976e-05,0
88,0.000823576,0.00123633,0.000533109,7.74253e-05,0
89,0.000799158,0.00126745,0.000548952,7.7758e-05,0
90,0.000775509,0.00129664,0.000564876,7.80058e-05,0
91,0.000752614,0.00132393,0.00058086,7.81775e-05,0
92,0.00073046,0.00134937,0.000596885,7.82808e-05,0
93,0.000709037,0.001373,0.000612935,7.83223e-05,0
94,0.000688336,0.00139488,0.000628996,7.83082e-05,0
95,0.000668087,0.00141507,0.000645053,7.82436e-05,0
96,0.000648444,0.00143362,0.000661094,7.81318e-05,0
97,0.000629364,0.00145058,0.000677108,7.79765e-05,0
98,0.000610849,0.001466,0.000693085,7.77811e-05,0
99,0.000592886,0.00147995,0.000709015,7.75486e-05,0
100,0.000575465,0.00149248,0.000724888,7.72819e-05,0
101,0.000558571,0.00150364,0.000740697,7.69836e-05,0
102,0.000542178,0.0015135,0.000756434,7.66559e-05,0
103,0.000526282,0.00152209,0.000772092,7.6301e-05,0
104,0.000510872,0.00152949,0.000787665,7.59209e-05,0
105,0.000495938,0.00153573,0.000803147,7.55175e-05,0
106,0.00048147,0.00154086,0.000818532,7.50924e-05,0
107,0.000467459,0.00154494,0.000833815,7.46474e-05,0
108,0.000453848,0.00154802,0.000848992,7.41838e-05,0
109,0.000440657,0.00155013,0.000864059,7.37031e-05,0
110,0.000427877,0.00155133,0.000879011,7.32063e-05,0
111,0.000415499,0.00155166,0.000893845,7.26948e-05,0
112,0.000403514,0.00155115,0.000908558,7.21697e-05,0
113,0.000391901,0.00154985,0.000923147,7.16322e-05,0
114,0.000380661,0.0015478,0.000937609,7.10834e-05,0
115,0.00036975,0.00154504,0.000951941,7.05241e-05,0
116,0.000359185,0.0015416,0.000966142,6.99552e-05,0
117,0.000348805,0.00153752,0.00098021,6.93775e-05,0
118,0.000338714,0.00153283,0.000994143,6.8791e-05,0
119,0.000328903,0.00152756,0.00100794,6.81962e-05,0
120,0.000319366,0.00152173,0.0010216,6.75938e-05,0
121,0.000310096,0.00151539,0.00103511,6.69846e-05,0
122,0.000301089,0.00150855,0.00104849,6.6369e-05,0
123,0.000292337,0.00150124,0.00106172,6.57476e-05,0
124,0.000283823,0.00149348,0.00107481,6.51212e-05,0
125,0.000275547,0.00148531,0.00108776,6.44901e-05,0
126,0.000267504,0.00147675,0.00110056,6.38549e-05,0
127,0.000259688,0.00146781,0.00111322,6.32161e-05,0
128,0.000252092,0.00145853,0.00112573,6.25742e-05,0
129,0.000244712,0.00144892,0.0011381,6.19297e-05,0
130,0.000237544,0.00143899,0.00115031,6.1283e-05,0
131,0.00023058,0.00142878,0.00116239,6.06346e-05,0
132,0.000223816,0.0014183,0.00117431,5.99849e-05,0
133,0.000217248,0.00140757,0.00118609,5.93342e-05,0
134,0.000210869,0.0013966,0.00119773,5.86831e-05,0
135,0.000204675,0.00138542,0.00120921,5.80318e-05,0
136,0.000198662,0.00137403,0.00122056,5.73808e-05,0
137,0.000192826,0.00136246,0.00123175,5.67303e-05,0
138,0.000187163,0.00135071,0.00124281,5.60808e-05,0
139,0.000181668,0.00133881,0.00125372,5.54324e-05,0
140,0.000176337,0.00132677,0.00126448,5.47856e-05,0
141,0.000171168,0.00131459,0.00127511,5.41407e-05,0
142,0.000166156,0.0013023,0.00128559,5.34978e-05,0
143,0.000161312,0.00128991,0.00129593,5.28574e-05,0
144,0.000156625,0.00127742,0.00130613,5.22197e-05,0
145,0.000152093,0.00126485,0.0013162,5.1585e-05,0
146,0.000147716,0.0012522,0.00132612,5.09536e-05,0
147,0.000143494,0.0012395,0.00133591,5.03259e-05,0
148,0.000139426,0.00122676,0.00134556,4.9702e-05,0
149,0.000135513,0.00121397,0.00135508,4.90823e-05,0
150,0.000131759,0.00120115,0.00136447,4.84671e-05,0
151,0.000128098,0.00118832,0.00137372,4.78568e-05,0
152,0.000124574,0.00117548,0.00138284,4.72511e-05,0
153,0.000121166,0.00116263,0.00139184,4.66504e-05,0
154,0.000117889,0.00114979,0.00140071,4.60546e-05,0
155,0.000114746,0.00113696,0.00140945,4.54642e-05,0
156,0.00011174,0.00112416,0.00141806,4.48791e-05,0
157,0.000108845,0.00111138,0.00142656,4.42998e-05,0
158,0.000106087,0.00109864,0.00143493,4.37263e-05,0
159,0.000103475,0.00108595,0.00144318,4.31589e-05,0
160,0.000100766,0.0010733,0.00145131,4.25979e-05,0
161,9.81197e-05,0.00106071,0.00145932,4.20419e-05,0
162,9.55349e-05,0.00104818,0.00146722,4.1491e-05,0
163,9.30112e-05,0.0010357,0.00147501,4.09451e-05,0
164,9.0548e-05,0.00102328,0.00148268,4.04041e-05,0
165,8.81446e-05,0.00101093,0.00149024,3.98681e-05,0
166,8.58005e-05,0.000998654,0.00149769,3.9337e-05,0
167,8.35152e-05,0.000986444,0.00150503,3.88108e-05,0
168,8.12886e-05,0.000974309,0.00151226,3.82895e-05,0
169,7.91203e-05,0.00096225,0.00151939,3.77732e-05,0
170,7.70094e-05,0.000950269,0.00152641,3.72618e-05,0
171,7.49555e-05,0.000938369,0.00153333,3.67554e-05,0
172,7.29617e-05,0.000926552,0.00154014,3.62541e-05,0
173,7.10256e-05,0.000914819,0.00154685,3.57578e-05,0
174,6.91471e-05,0.000903173,0.00155347,3.52666e-05,0
175,6.73261e-05,0.000891615,0.00155998,3.47806e-05,0
176,6.55627e-05,0.000880148,0.00156639,3.42998e-05,0
177,6.38573e-05,0.000868773,0.00157271,3.38242e-05,0
178,6.22104e-05,0.000857492,0.00157894,3.3354e-05,0
179,6.06226e-05,0.000846306,0.00158507,3.2889e-05,0
180,5.9095e-05,0.000835217,0.0015911,3.24295e-05,0
181,5.76277e-05,0.000824227,0.00159705,3.19754e-05,0
182,5.62233e-05,0.000813338,0.00160291,3.15269e-05,0
183,5.48842e-05,0.000802551,0.00160867,3.1084e-05,0
184,5.36129e-05,0.000791867,0.00161435,3.06468e-05,0
185,5.23649e-05,0.000781289,0.00161994,3.02155e-05,0
186,5.11709e-05,0.000770817,0.00162545,2.97897e-05,0
187,5.00321e-05,0.000760453,0.00163088,2.93696e-05,0
188,4.89502e-05,0.000750198,0.00163622,2.89553e-05,0
189,4.79267e-05,0.000740053,0.00164148,2.85466e-05,0
190,4.69638e-05,0.000730019,0.00164666,2.81439e-05,0
191,4.60638e-05,0.000720098,0.00165177,2.7747e-05,0
192,4.52292e-05,0.000710291,0.00165679,2.73561e-05,0
193,4.44474e-05,0.000700599,0.00166174,2.69713e-05,0
194,4.37317e-05,0.000691024,0.00166662,2.65926e-05,0
195,4.29686e-05,0.000681567,0.00167142,2.62201e-05,0
196,4.22328e-05,0.000672227,0.00167615,2.58531e-05,0
197,4.14273e-05,0.000663004,0.00168081,2.54917e-05,0
198,4.06276e-05,0.000653895,0.0016854,2.51349e-05,0
199,3.98367e-05,0.000644899,0.00168992,2.47828e-05,0
200,3.90577e-05,0.000636015,0.00169437,2.44352e-05,0
201,3.8294e-05,0.000627241,0.00169876,2.4092e-05,0
202,3.75489e-05,0.000618577,0.00170308,2.37533e-05,0
203,3.68263e-05,0.000610022,0.00170734,2.34189e-05,0
204,3.61194e-05,0.000601573,0.00171153,2.30889e-05,0
205,3.54426e-05,0.000593232,0.00171567,2.27632e-05,0
206,3.4812e-05,0.000584996,0.00171974,2.2442e-05,0
207,3.42265e-05,0.000576866,0.00172374,2.21252e-05,0
208,3.35937e-05,0.000568841,0.00172769,2.18132e-05,0
209,3.29808e-05,0.00056092,0.00173158,2.15053e-05,0
210,3.23911e-05,0.000553102,0.00173541,2.12015e-05,0
211,3.18285e-05,0.000545386,0.00173919,2.0902e-05,0
212,3.12975e-05,0.00053777,0.00174291,2.06066e-05,0
213,3.07654e-05,0.000530256,0.00174657,2.03155e-05,0
214,3.02608e-05,0.000522841,0.00175018,2.00286e-05,0
215,2.97599e-05,0.000515525,0.00175373,1.97458e-05,0
216,2.92835e-05,0.000508306,0.00175723,1.9467e-05,0
217,2.88355e-05,0.000501186,0.00176068,1.91923e-05,0
218,2.84202e-05,0.000494162,0.00176408,1.89217e-05,0
219,2.80429e-05,0.000487234,0.00176743,1.86552e-05,0
220,2.77092e-05,0.000480403,0.00177073,1.8393e-05,0
221,2.74263e-05,0.000473669,0.00177398,1.81352e-05,0
222,2.7202e-05,0.000467031,0.00177718,1.78819e-05,0
223,2.70458e-05,0.000460492,0.00178034,1.76333e-05,0
224,2.67032e-05,0.000454051,0.00178345,1.73897e-05,0
225,2.63462e-05,0.000447704,0.00178651,1.71496e-05,0
226,2.59764e-05,0.000441449,0.00178953,1.69127e-05,0
227,2.55977e-05,0.000435284,0.00179251,1.6679e-05,0
228,2.52105e-05,0.000429208,0.00179544,1.64483e-05,0
229,2.48167e-05,0.000423218,0.00179833,1.62206e-05,0
230,2.4419e-05,0.000417312,0.00180118,1.59957e-05,0
231,2.40183e-05,0.000411488,0.00180399,1.57735e-05,0
232,2.36161e-05,0.000405746,0.00180676,1.55542e-05,0
233,2.32139e-05,0.000400083,0.00180949,1.53375e-05,0
234,2.28134e-05,0.000394497,0.00181217,1.51234e-05,0
235,2.2416e-05,0.000388988,0.00181482,1.4912e-05,0
236,2.20236e-05,0.000383554,0.00181743,1.47032e-05,0
237,2.16248e-05,0.000378193,0.00182001,1.4497e-05,0
238,2.12286e-05,0.000372904,0.00182254,1.42933e-05,0
239,2.08358e-05,0.000367685,0.00182504,1.4092e-05,0
240,2.61174e-05,0.000362536,0.0018275,1.38933e-05,0
241,3.27359e-05,0.000357594,0.00182993,1.37346e-05,0
242,4.08683e-05,0.000352921,0.00183232,1.36205e-05,0
243,5.08663e-05,0.000348582,0.0018347,1.35565e-05,0
244,6.3166e-05,0.000344657,0.00183706,1.355e-05,0
245,7.82979e-05,0.000341237,0.00183943,1.36106e-05,0
246,9.6813e-05,0.00033843,0.0018418,1.37506e-05,0
247,0.000119462,0.000336366,0.0018442,1.39848e-05,0
248,0.000147277,0.0003352,0.00184664,1.43316e-05,0
249,0.000181437,0.000335123,0.00184915,1.48145e-05,0
250,0.000223374,0.000336366,0.00185174,1.54628e-05,0
251,0.000274879,0.000339215,0.00185445,1.63121e-05,0
252,0.000338132,0.000344018,0.00185732,1.74068e-05,0
253,0.000415813,0.000351201,0.00186038,1.88013e-05,0
254,0.00051121,0.00036129,0.00186371,2.05625e-05,0
255,0.000628353,0.000374927,0.00186736,2.27725e-05,0
256,0.00077219,0.000392901,0.00187144,2.5532e-05,0
257,0.000948781,0.000416181,0.00187603,2.89647e-05,0
258,0.00116556,0.000445955,0.0018813,3.32217e-05,0
259,0.00112967,0.000483678,0.0018874,3.84884e-05,0
260,0.00109502,0.000523766,0.00189457,4.299e-05,0
261,0.00106144,0.000565356,0.00190266,4.68397e-05,0
262,0.0010289,0.000607741,0.00191157,5.01325e-05,0
263,0.000997365,0.000650348,0.00192118,5.29491e-05,0
264,0.000966815,0.000692713,0.0019314,5.53576e-05,0
265,0.000937221,0.000734465,0.00194215,5.74159e-05,0
