"Time","Infected","Quarantined","Deceased","Hospitalized","Output"
1,0.00105321,0.00295611,0.000710907,6.16104e-05,0
2,0.00103368,0.00297602,0.000723054,6.08227e-05,0
3,0.00101559,0.00299429,0.000735023,6.00044e-05,0
4,0.0009978,0.00301097,0.000746807,5.917e-05,0
5,0.000980299,0.00302607,0.000758405,5.83236e-05,0
6,0.000963086,0.00303963,0.000769813,5.74689e-05,0
7,0.000946155,0.00305168,0.00078103,5.66089e-05,0
8,0.000929504,0.00306224,0.000792057,5.57463e-05,0
9,0.000913129,0.00307136,0.000802893,5.48833e-05,0
10,0.000897026,0.00307907,0.000813539,5.40219e-05,0
11,0.000881192,0.00308541,0.000823996,5.31638e-05,0
12,0.000865624,0.00309042,0.000834265,5.23102e-05,0
13,0.000850317,0.00309414,0.000844348,5.14624e-05,0
14,0.000835269,0.0030966,0.000854247,5.06215e-05,0
15,0.000820475,0.00309785,0.000863964,4.97881e-05,0
16,0.000805933,0.00309793,0.000873501,4.8963e-05,0
17,0.000791642,0.00309687,0.000882861,4.81469e-05,0
18,0.000777592,0.00309471,0.000892047,4.73401e-05,0
19,0.000763784,0.0030915,0.000901061,4.65432e-05,0
20,0.000750216,0.00308726,0.000909905,4.57563e-05,0
21,0.000736886,0.00308204,0.000918583,4.49799e-05,0
22,0.00072377,0.00307588,0.000927097,4.4214e-05,0
23,0.00071088,0.0030688,0.00093545,4.34587e-05,0
24,0.000698211,0.00306085,0.000943645,4.27142e-05,0
25,0.000685763,0.00305206,0.000951684,4.19805e-05,0
26,0.000673529,0.00304246,0.000959571,4.12577e-05,0
27,0.000661511,0.00303208,0.000967308,4.05456e-05,0
28,0.000649706,0.00302097,0.000974897,3.98445e-05,0
29,0.000638087,0.00300914,0.000982343,3.91542e-05,0
30,0.000626666,0.00299663,0.000989646,3.84746e-05,0
31,0.000615436,0.00298347,0.00099681,3.78056e-05,0
32,0.000604396,0.00296969,0.00100384,3.71471e-05,0
33,0.000593544,0.00295532,0.00101073,3.64989e-05,0
34,0.000582877,0.00294037,0.00101749,3.5861e-05,0
35,0.000572392,0.00292489,0.00102413,3.52333e-05,0
36,0.000562086,0.00290889,0.00103063,3.46156e-05,0
37,0.000551957,0.0028924,0.00103702,3.40078e-05,0
38,0.000542002,0.00287545,0.00104328,3.34098e-05,0
39,0.000532219,0.00285806,0.00104942,3.28216e-05,0
40,0.000522605,0.00284024,0.00105544,3.22429e-05,0
41,0.000513157,0.00282203,0.00106135,3.16737e-05,0
42,0.000503873,0.00280344,0.00106715,3.11138e-05,0
43,0.000494751,0.0027845,0.00107283,3.05631e-05,0
44,0.000485788,0.00276523,0.00107841,3.00216e-05,0
45,0.000476982,0.00274564,0.00108388,2.9489e-05,0
46,0.000468325,0.00272576,0.00108924,2.89652e-05,0
47,0.000459818,0.0027056,0.00109451,2.84502e-05,0
48,0.00045146,0.00268518,0.00109967,2.79438e-05,0
49,0.000443248,0.00266452,0.00110473,2.74458e-05,0
50,0.00043518,0.00264363,0.0011097,2.69562e-05,0
51,0.000427255,0.00262254,0.00111457,2.64748e-05,0
52,0.00041947,0.00260126,0.00111935,2.60015e-05,0
53,0.000411823,0.00257979,0.00112404,2.55362e-05,0
54,0.000404313,0.00255817,0.00112864,2.50788e-05,0
55,0.000396939,0.00253639,0.00113315,2.46292e-05,0
56,0.0003897,0.00251449,0.00113758,2.41873e-05,0
57,0.00038259,0.00249246,0.00114192,2.37531e-05,0
58,0.000375611,0.00247032,0.00114617,2.33262e-05,0
59,0.000368761,0.00244809,0.00115035,2.29068e-05,0
60,0.000362025,0.00242577,0.00115445,2.24948e-05,0
61,0.000355409,0.00240339,0.00115846,2.20898e-05,0
62,0.00034891,0.00238094,0.00116241,2.16919e-05,0
63,0.000342526,0.00235845,0.00116627,2.13008e-05,0
64,0.000336258,0.00233591,0.00117007,2.09166e-05,0
65,0.000330102,0.00231335,0.00117379,2.0539e-05,0
66,0.000324059,0.00229076,0.00117744,2.0168e-05,0
67,0.000318127,0.00226817,0.00118102,1.98035e-05,0
68,0.000312305,0.00224557,0.00118453,1.94453e-05,0
69,0.000306592,0.00222299,0.00118798,1.90935e-05,0
70,0.000300989,0.00220042,0.00119136,1.8748e-05,0
71,0.000295494,0.00217787,0.00119467,1.84086e-05,0
72,0.000290079,0.00215536,0.00119793,1.80753e-05,0
73,0.00028476,0.00213289,0.00120112,1.77479e-05,0
74,0.000279535,0.00211046,0.00120425,1.74263e-05,0
75,0.000274497,0.00208809,0.00120732,1.71102e-05,0
76,0.000269589,0.00206578,0.00121033,1.68004e-05,0
77,0.000264816,0.00204353,0.00121329,1.64969e-05,0
78,0.000260188,0.00202137,0.00121619,1.61998e-05,0
79,0.000255712,0.00199929,0.00121904,1.59093e-05,0
80,0.000251403,0.0019773,0.00122183,1.56255e-05,0
81,0.000247273,0.00195542,0.00122457,1.53488e-05,0
82,0.000243344,0.00193364,0.00122726,1.50795e-05,0
83,0.000239636,0.00191198,0.0012299,1.48179e-05,0
84,0.000236179,0.00189046,0.00123249,1.45648e-05,0
85,0.000233008,0.00186907,0.00123504,1.43206e-05,0
86,0.000230164,0.00184783,0.00123754,1.40862e-05,0
87,0.000286047,0.00182676,0.00124,1.38627e-05,0
88,0.000357198,0.00180711,0.00124242,1.40632e-05,0
89,0.000441707,0.0017896,0.00124488,1.47397e-05,0
90,0.000545653,0.00177493,0.00124746,1.59235e-05,0
91,0.000673518,0.00176398,0.00125025,1.7685e-05,0
92,0.000830814,0.00175774,0.00125337,2.01165e-05,0
93,0.00102384,0.0017574,0.00125694,2.33368e-05,0
94,0.00126113,0.00176439,0.00126112,2.74929e-05,0
95,0.0015528,0.00178042,0.0012661,3.27717e-05,0
96,0.00191113,0.00180757,0.00127211,3.94056e-05,0
97,0.00187454,0.00184838,0.00127947,4.76806e-05,0
98,0.00183902,0.0018958,0.00128855,5.45827e-05,0
99,0.00180417,0.00194834,0.00129913,6.02995e-05,0
100,0.00176998,0.00200472,0.00131098,6.49926e-05,0
101,0.00173646,0.00206384,0.0013239,6.88038e-05,0
102,0.00170344,0.00212478,0.0013377,7.18566e-05,0
103,0.00167102,0.00218676,0.00135222,7.42573e-05,0
104,0.00163917,0.0022491,0.0013673,7.6099e-05,0
105,0.00160791,0.00231126,0.00138283,7.74623e-05,0
106,0.00157721,0.00237277,0.00139868,7.84169e-05,0
107,0.00154707,0.00243325,0.00141476,7.90231e-05,0
108,0.00151746,0.00249238,0.00143099,7.93328e-05,0
109,0.00148838,0.00254992,0.0014473,7.93907e-05,0
110,0.00145983,0.00260565,0.00146362,7.92353e-05,0
111,0.0014318,0.00265941,0.0014799,7.88997e-05,0
112,0.00140427,0.00271108,0.0014961,7.84126e-05,0
113,0.00137725,0.00276055,0.00151219,7.77984e-05,0
114,0.00135071,0.00280776,0.00152812,7.70781e-05,0
115,0.00132466,0.00285267,0.00154388,7.62697e-05,0
116,0.00129908,0.00289524,0.00155945,7.53889e-05,0
117,0.00127396,0.00293547,0.0015748,7.44487e-05,0
118,0.00124929,0.00297335,0.00158993,7.34606e-05,0
119,0.00122508,0.0030089,0.00160483,7.24343e-05,0
120,0.00120131,0.00304214,0.00161948,7.13781e-05,0
121,0.00117798,0.0030731,0.00163388,7.02992e-05,0
122,0.00115508,0.00310181,0.00164803,6.92037e-05,0
123,0.00113259,0.00312832,0.00166192,6.80967e-05,0
124,0.00111052,0.00315267,0.00167556,6.69827e-05,0
125,0.00108886,0.0031749,0.00168893,6.58654e-05,0
126,0.00106759,0.00319508,0.00170205,6.47481e-05,0
127,0.00104672,0.00321326,0.00171491,6.36335e-05,0
128,0.00102624,0.00322948,0.00172752,6.25238e-05,0
129,0.00100614,0.00324381,0.00173988,6.1421e-05,0
130,0.000986406,0.00325629,0.00175198,6.03267e-05,0
131,0.000967042,0.003267,0.00176384,5.92423e-05,0
132,0.000948039,0.00327597,0.00177545,5.81689e-05,0
133,0.000929391,0.00328328,0.00178682,5.71074e-05,0
134,0.000911091,0.00328896,0.00179796,5.60587e-05,0
135,0.000893135,0.00329309,0.00180887,5.50233e-05,0
136,0.000875516,0.00329571,0.00181954,5.40017e-05,0
137,0.000858229,0.00329688,0.00182999,5.29944e-05,0
138,0.000841268,0.00329665,0.00184023,5.20017e-05,0
139,0.000824629,0.00329508,0.00185024,5.10238e-05,0
140,0.000808305,0.0032922,0.00186005,5.00608e-05,0
141,0.000792291,0.00328808,0.00186964,4.91129e-05,0
142,0.000776583,0.00328276,0.00187904,4.81802e-05,0
143,0.000761176,0.00327629,0.00188823,4.72626e-05,0
144,0.000746065,0.00326871,0.00189723,4.63602e-05,0
145,0.000731245,0.00326008,0.00190603,4.5473e-05,0
146,0.000716712,0.00325043,0.00191465,4.46008e-05,0
147,0.000702462,0.00323981,0.00192308,4.37436e-05,0
148,0.000688491,0.00322826,0.00193134,4.29013e-05,0
149,0.000674796,0.00321582,0.00193942,4.20737e-05,0
150,0.000661373,0.00320253,0.00194732,4.12609e-05,0
151,0.000648203,0.00318843,0.00195506,4.04626e-05,0
152,0.000635293,0.00317356,0.00196263,3.96787e-05,0
153,0.000622622,0.00315795,0.00197004,3.89089e-05,0
154,0.000610195,0.00314165,0.0019773,3.8153e-05,0
155,0.000598007,0.00312467,0.00198439,3.74109e-05,0
156,0.000586053,0.00310707,0.00199134,3.66822e-05,0
157,0.000574331,0.00308886,0.00199814,3.59669e-05,0
158,0.000562835,0.00307009,0.0020048,3.52646e-05,0
159,0.000551563,0.00305077,0.00201131,3.45752e-05,0
160,0.000540507,0.00303094,0.00201768,3.38986e-05,0
161,0.000529666,0.00301064,0.00202392,3.32344e-05,0
162,0.000519035,0.00298987,0.00203003,3.25825e-05,0
163,0.00050861,0.00296868,0.002036,3.19427e-05,0
164,0.000498387,0.00294709,0.00204185,3.13148e-05,0
165,0.000488364,0.00292512,0.00204758,3.06985e-05,0
166,0.000478536,0.0029028,0.00205318,3.00938e-05,0
167,0.0004689,0.00288015,0.00205867,2.95004e-05,0
168,0.000459453,0.00285719,0.00206403,2.89181e-05,0
169,0.000450191,0.00283395,0.00206929,2.83467e-05,0
170,0.000441111,0.00281044,0.00207443,2.77861e-05,0
171,0.000432209,0.00278669,0.00207946,2.7236e-05,0
172,0.000423484,0.00276271,0.00208439,2.66964e-05,0
173,0.000414932,0.00273853,0.00208921,2.6167e-05,0
174,0.00040655,0.00271416,0.00209393,2.56477e-05,0
175,0.000398335,0.00268963,0.00209855,2.51382e-05,0
176,0.000390284,0.00266494,0.00210308,2.46385e-05,0
177,0.000382395,0.00264011,0.0021075,2.41484e-05,0
178,0.000374665,0.00261517,0.00211183,2.36677e-05,0
179,0.000367092,0.00259012,0.00211608,2.31963e-05,0
180,0.000359674,0.00256498,0.00212023,2.2734e-05,0
181,0.000352407,0.00253976,0.00212429,2.22807e-05,0
182,0.000345291,0.00251449,0.00212827,2.18362e-05,0
183,0.000338324,0.00248917,0.00213216,2.14005e-05,0
184,0.000331504,0.00246381,0.00213598,2.09733e-05,0
185,0.000324809,0.00243843,0.00213971,2.05547e-05,0
186,0.000318249,0.00241304,0.00214336,2.01442e-05,0
187,0.000311797,0.00238765,0.00214694,1.97418e-05,0
188,0.000305473,0.00236227,0.00215044,1.93472e-05,0
189,0.000299274,0.00233691,0.00215387,1.89601e-05,0
190,0.000293199,0.00231158,0.00215722,1.85806e-05,0
191,0.000287246,0.0022863,0.00216051,1.82084e-05,0
192,0.000281413,0.00226106,0.00216372,1.78433e-05,0
193,0.000275695,0.00223588,0.00216687,1.74854e-05,0
194,0.000270093,0.00221077,0.00216995,1.71345e-05,0
195,0.000264687,0.00218573,0.00217297,1.67904e-05,0
196,0.000259428,0.00216077,0.00217592,1.64536e-05,0
197,0.000254314,0.00213591,0.00217882,1.61241e-05,0
198,0.000249357,0.00211115,0.00218165,1.58021e-05,0
199,0.000244565,0.00208649,0.00218442,1.54877e-05,0
200,0.00023995,0.00206196,0.00218714,1.51809e-05,0
201,0.000235524,0.00203755,0.0021898,1.4882e-05,0
202,0.000231305,0.00201328,0.0021924,1.45913e-05,0
203,0.000227312,0.00198915,0.00219495,1.43092e-05,0
204,0.00022357,0.00196518,0.00219745,1.40362e-05,0
205,0.000275777,0.00194138,0.0021999,1.37727e-05,0
206,0.000343435,0.00191894,0.00220231,1.39126e-05,0
207,0.000427401,0.00189856,0.00220474,1.45117e-05,0
208,0.000527805,0.001881,0.00220727,1.56246e-05,0
209,0.000648607,0.00186707,0.00221002,1.72996e-05,0
210,0.000796542,0.00185768,0.00221306,1.96062e-05,0
211,0.000977692,0.00185394,0.00221654,2.26521e-05,0
212,0.00119949,0.00185717,0.00222059,2.65732e-05,0
213,0.001471,0.00186896,0.00222539,3.15392e-05,0
214,0.00180334,0.00189123,0.00223116,3.77602e-05,0
215,0.00176531,0.00192629,0.00223817,4.5495e-05,0
216,0.00172818,0.00196751,0.0022468,5.19209e-05,0
217,0.00169178,0.00201348,0.00225679,5.7216e-05,0
218,0.00165612,0.00206298,0.00226796,6.15354e-05,0
219,0.00162117,0.00211497,0.00228009,6.50148e-05,0
220,0.00158693,0.00216857,0.00229301,6.77722e-05,0
221,0.00155338,0.00222303,0.00230657,6.99106e-05,0
222,0.0015205,0.00227775,0.00232063,7.15189e-05,0
223,0.00148828,0.00233219,0.00233506,7.26743e-05,0
224,0.00145672,0.00238591,0.00234977,7.34435e-05,0
225,0.00142579,0.00243858,0.00236466,7.3884e-05,0
226,0.00139549,0.00248989,0.00237966,7.40456e-05,0
227,0.00136582,0.0025396,0.00239469,7.39711e-05,0
228,0.00133676,0.00258753,0.00240971,7.36973e-05,0
229,0.00130831,0.00263354,0.00242466,7.3256e-05,0
230,0.00128045,0.0026775,0.00243951,7.26746e-05,0
231,0.00125318,0.00271933,0.00245421,7.19763e-05,0
232,0.00122648,0.00275898,0.00246876,7.11814e-05,0
233,0.00120035,0.00279641,0.00248311,7.03072e-05,0
234,0.00117479,0.0028316,0.00249726,6.93685e-05,0
235,0.00114979,0.00286455,0.0025112,6.83781e-05,0
236,0.00112535,0.00289526,0.0025249,6.7347e-05,0
237,0.00110132,0.00292376,0.00253836,6.62846e-05,0
238,0.00107778,0.00295006,0.00255157,6.51979e-05,0
239,0.00105472,0.00297421,0.00256454,6.40936e-05,0
240,0.00103214,0.00299625,0.00257725,6.29776e-05,0
241,0.00101003,0.00301621,0.00258971,6.18545e-05,0
242,0.00098838,0.00303414,0.00260191,6.07286e-05,0
243,0.000967178,0.0030501,0.00261385,5.96033e-05,0
244,0.00094642,0.00306414,0.00262555,5.84817e-05,0
245,0.000926097,0.00307631,0.00263699,5.73662e-05,0
246,0.000906188,0.00308668,0.00264819,5.6259e-05,0
247,0.000886691,0.00309528,0.00265914,5.51618e-05,0
248,0.0008676,0.00310219,0.00266984,5.40759e-05,0
249,0.000848906,0.00310746,0.00268031,5.30027e-05,0
250,0.000830604,0.00311115,0.00269055,5.1943e-05,0
251,0.000812685,0.00311331,0.00270055,5.08977e-05,0
252,0.000795143,0.00311399,0.00271033,4.98675e-05,0
253,0.000777973,0.00311326,0.00271988,4.88529e-05,0
254,0.000761167,0.00311116,0.00272922,4.78542e-05,0
255,0.00074472,0.00310775,0.00273834,4.68718e-05,0
256,0.000728627,0.00310309,0.00274725,4.5906e-05,0
257,0.000712883,0.00309722,0.00275596,4.49569e-05,0
258,0.000697485,0.00309019,0.00276447,4.40247e-05,0
259,0.000682403,0.00308206,0.00277279,4.31093e-05,0
260,0.000667625,0.00307287,0.00278091,4.22108e-05,0
261,0.000653159,0.00306266,0.00278884,4.13289e-05,0
262,0.000638999,0.00305149,0.00279659,4.04635e-05,0
263,0.000625139,0.00303939,0.00280417,3.96144e-05,0
264,0.000611575,0.00302641,0.00281157,3.87816e-05,0
265,0.000598301,0.0030126,0.00281879,3.79648e-05,0
