"Time","Infected","Quarantined","Deceased","Hospitalized","Output"
1,0.000129246,0.00126795,0.000228976,1.72671e-05,1
2,0.000122004,0.00126119,0.000232018,1.65042e-05,1
3,0.000114752,0.001254,0.00023492,1.57699e-05,1
4,0.000107941,0.00124638,0.000237687,1.50617e-05,1
5,0.000101543,0.00123838,0.000240325,1.43794e-05,1
6,9.55332e-05,0.00123001,0.000242838,1.3723e-05,1
7,8.98875e-05,0.00122133,0.000245233,1.30921e-05,1
8,8.45838e-05,0.00121235,0.000247513,1.24865e-05,1
9,7.96013e-05,0.0012031,0.000249685,1.19057e-05,1
10,7.49203e-05,0.00119361,0.000251752,1.13491e-05,1
11,6.95698e-05,0.0011839,0.00025372,1.08162e-05,1
12,6.45944e-05,0.00117394,0.000255592,1.03011e-05,1
13,5.9985e-05,0.00116375,0.000257373,9.80439e-06,1
14,5.57143e-05,0.00115336,0.000259066,9.32627e-06,1
15,5.17573e-05,0.00114279,0.000260674,8.86691e-06,1
16,4.80908e-05,0.00113208,0.0002622,8.42634e-06,1
17,4.46929e-05,0.00112123,0.00026365,8.00442e-06,1
18,4.15468e-05,0.00111028,0.000265025,7.60095e-06,1
19,3.86309e-05,0.00109923,0.000266329,7.21563e-06,1
20,3.5928e-05,0.00108812,0.000267566,6.84808e-06,1
21,3.34225e-05,0.00107694,0.000268739,6.49786e-06,1
22,3.10996e-05,0.00106573,0.00026985,6.1645e-06,1
23,2.8946e-05,0.00105448,0.000270904,5.84748e-06,1
24,2.69491e-05,0.00104322,0.000271902,5.54625e-06,1
25,2.50972e-05,0.00103195,0.000272849,5.26027e-06,1
26,2.33798e-05,0.00102069,0.000273745,4.98896e-06,1
27,2.17868e-05,0.00100944,0.000274595,4.73174e-06,1
28,2.03091e-05,0.000998217,0.000275401,4.48803e-06,1
29,1.89382e-05,0.000987024,0.000276164,4.25727e-06,1
30,1.76661e-05,0.00097587,0.000276888,4.03887e-06,1
31,1.64857e-05,0.000964762,0.000277575,3.83229e-06,1
32,1.53902e-05,0.000953705,0.000278225,3.63697e-06,1
33,1.43732e-05,0.000942705,0.000278843,3.45237e-06,1
34,1.34291e-05,0.000931768,0.000279428,3.27797e-06,1
35,1.25525e-05,0.000920898,0.000279984,3.11327e-06,1
36,1.17385e-05,0.0009101,0.000280512,2.95778e-06,1
37,1.09823e-05,0.000899376,0.000281013,2.81102e-06,1
38,1.02799e-05,0.000888731,0.000281489,2.67254e-06,1
39,9.62716e-06,0.000878167,0.000281941,2.5419e-06,1
40,9.02056e-06,0.000867687,0.000282371,2.41867e-06,1
41,8.45671e-06,0.000857294,0.00028278,2.30247e-06,1
42,7.93246e-06,0.000846989,0.00028317,2.19289e-06,1
43,7.44494e-06,0.000836775,0.00028354,2.08959e-06,1
44,6.99014e-06,0.000826654,0.000283893,1.99219e-06,1
45,6.60809e-06,0.000816626,0.00028423,1.90037e-06,1
46,6.24988e-06,0.000806695,0.000284551,1.81404e-06,1
47,5.91393e-06,0.000796863,0.000284857,1.73283e-06,1
48,5.59877e-06,0.000787129,0.00028515,1.65643e-06,1
49,5.30302e-06,0.000777495,0.000285429,1.58453e-06,1
50,5.02501e-06,0.000767959,0.000285697,1.51683e-06,1
51,4.77718e-06,0.000758524,0.000285953,1.45308e-06,1
52,4.54359e-06,0.000749189,0.000286198,1.39308e-06,1
53,4.32335e-06,0.000739955,0.000286433,1.3366e-06,1
54,4.11565e-06,0.00073082,0.000286658,1.2834e-06,1
55,3.91971e-06,0.000721786,0.000286874,1.23326e-06,1
56,3.7348e-06,0.000712852,0.000287082,1.18597e-06,1
57,3.56025e-06,0.000704017,0.000287282,1.14137e-06,1
58,3.39543e-06,0.000695281,0.000287475,1.09926e-06,1
59,3.23974e-06,0.000686644,0.00028766,1.05949e-06,1
60,3.09264e-06,0.000678104,0.000287838,1.0219e-06,1
61,2.9536e-06,0.000669662,0.000288011,9.86358e-07,1
62,2.82214e-06,0.000661318,0.000288177,9.52727e-07,1
63,2.6978e-06,0.000653069,0.000288337,9.20887e-07,1
64,2.58015e-06,0.000644916,0.000288492,8.90722e-07,1
65,2.46881e-06,0.000636858,0.000288642,8.62127e-07,1
66,2.36339e-06,0.000628894,0.000288788,8.35002e-07,1
67,2.26354e-06,0.000621024,0.000288928,8.09255e-07,1
68,2.16894e-06,0.000613247,0.000289064,7.84799e-07,1
69,2.07927e-06,0.000605561,0.000289197,7.61555e-07,1
70,1.99425e-06,0.000597968,0.000289325,7.39446e-07,1
71,1.91362e-06,0.000590464,0.000289449,7.18404e-07,1
72,1.837e-06,0.00058305,0.00028957,6.98363e-07,1
73,1.76903e-06,0.000575725,0.000289688,6.79261e-07,1
74,1.70428e-06,0.000568489,0.000289802,6.61067e-07,1
75,1.64257e-06,0.00056134,0.000289913,6.43723e-07,1
76,1.58373e-06,0.000554278,0.000290022,6.27177e-07,1
77,1.5276e-06,0.000547301,0.000290127,6.11377e-07,1
78,1.47404e-06,0.000540409,0.00029023,5.96278e-07,1
79,1.42291e-06,0.000533601,0.00029033,5.81835e-07,1
80,1.37407e-06,0.000526877,0.000290428,5.6801e-07,1
81,1.32741e-06,0.000520235,0.000290524,5.54764e-07,1
82,1.2828e-06,0.000513674,0.000290617,5.42064e-07,1
83,1.24015e-06,0.000507193,0.000290709,5.29875e-07,1
84,1.19934e-06,0.000500793,0.000290798,5.1817e-07,1
85,1.16029e-06,0.000494471,0.000290885,5.06918e-07,1
86,1.12283e-06,0.000488227,0.00029097,4.96094e-07,1
87,1.08866e-06,0.00048206,0.000291054,4.85673e-07,1
88,1.05381e-06,0.000475969,0.000291135,4.75643e-07,1
89,1.08556e-06,0.000469954,0.000291215,4.65968e-07,1
90,1.11105e-06,0.000464017,0.000291294,4.56986e-07,1
91,1.13087e-06,0.000458158,0.000291371,4.48605e-07,1
92,1.14559e-06,0.000452374,0.000291446,4.40745e-07,1
93,1.15573e-06,0.000446665,0.00029152,4.33338e-07,1
94,1.16175e-06,0.000441029,0.000291593,4.26321e-07,1
95,1.16408e-06,0.000435466,0.000291665,4.19643e-07,1
96,1.16312e-06,0.000429974,0.000291735,4.13256e-07,1
97,1.15922e-06,0.000424552,0.000291805,4.07122e-07,1
98,1.15271e-06,0.000419199,0.000291873,4.01206e-07,1
99,1.1439e-06,0.000413914,0.000291941,3.95478e-07,1
100,1.13304e-06,0.000408696,0.000292007,3.89913e-07,1
101,1.12041e-06,0.000403543,0.000292073,3.84488e-07,1
102,1.10621e-06,0.000398456,0.000292138,3.79187e-07,1
103,1.09065e-06,0.000393433,0.000292201,3.73991e-07,1
104,1.07393e-06,0.000388473,0.000292264,3.6889e-07,1
105,1.05621e-06,0.000383576,0.000292326,3.6387e-07,1
106,1.03765e-06,0.000378739,0.000292387,3.58924e-07,1
107,1.01838e-06,0.000373964,0.000292448,3.54043e-07,1
108,9.98541e-07,0.000369248,0.000292507,3.49222e-07,1
109,9.78236e-07,0.000364591,0.000292566,3.44455e-07,1
110,9.57571e-07,0.000359993,0.000292624,3.39737e-07,1
111,9.3664e-07,0.000355452,0.000292681,3.35067e-07,1
112,9.15527e-07,0.000350967,0.000292737,3.30442e-07,1
113,8.94305e-07,0.000346539,0.000292793,3.25859e-07,1
114,8.73042e-07,0.000342166,0.000292848,3.21318e-07,1
115,8.51799e-07,0.000337847,0.000292902,3.16818e-07,1
116,8.30629e-07,0.000333582,0.000292955,3.12358e-07,1
117,8.09579e-07,0.00032937,0.000293008,3.07938e-07,1
118,7.88691e-07,0.000325211,0.000293059,3.03558e-07,1
119,7.68002e-07,0.000321104,0.00029311,2.99219e-07,1
120,7.47546e-07,0.000317047,0.000293161,2.94921e-07,1
121,7.2735e-07,0.000313042,0.00029321,2.90665e-07,1
122,7.07438e-07,0.000309086,0.000293259,2.8645e-07,1
123,6.87833e-07,0.000305179,0.000293307,2.82278e-07,1
124,6.68552e-07,0.000301321,0.000293355,2.78149e-07,1
125,6.49611e-07,0.000297511,0.000293402,2.74064e-07,1
126,6.31022e-07,0.000293749,0.000293448,2.70024e-07,1
127,6.12796e-07,0.000290033,0.000293493,2.66029e-07,1
128,5.94941e-07,0.000286364,0.000293538,2.6208e-07,1
129,5.77464e-07,0.000282741,0.000293582,2.58177e-07,1
130,5.6037e-07,0.000279162,0.000293625,2.54321e-07,1
131,5.43661e-07,0.000275629,0.000293668,2.50513e-07,1
132,5.2734e-07,0.000272139,0.00029371,2.46752e-07,1
133,5.11408e-07,0.000268693,0.000293752,2.43039e-07,1
134,4.95864e-07,0.00026529,0.000293793,2.39375e-07,1
135,4.80706e-07,0.000261929,0.000293833,2.3576e-07,1
136,4.65933e-07,0.000258611,0.000293872,2.32194e-07,1
137,4.51542e-07,0.000255333,0.000293911,2.28676e-07,1
138,4.37528e-07,0.000252097,0.00029395,2.25208e-07,1
139,4.23888e-07,0.000248901,0.000293988,2.21788e-07,1
140,4.10617e-07,0.000245746,0.000294025,2.18418e-07,1
141,3.9771e-07,0.000242629,0.000294062,2.15097e-07,1
142,3.8516e-07,0.000239552,0.000294098,2.11824e-07,1
143,3.72962e-07,0.000236513,0.000294134,2.08601e-07,1
144,3.6111e-07,0.000233512,0.000294169,2.05425e-07,1
145,3.49598e-07,0.000230549,0.000294203,2.02298e-07,1
146,3.38418e-07,0.000227623,0.000294237,1.99218e-07,1
147,3.27565e-07,0.000224733,0.000294271,1.96187e-07,1
148,3.1703e-07,0.00022188,0.000294304,1.93202e-07,1
149,3.06807e-07,0.000219063,0.000294336,1.90264e-07,1
150,2.96889e-07,0.000216281,0.000294368,1.87372e-07,1
151,2.87269e-07,0.000213534,0.0002944,1.84526e-07,1
152,2.7794e-07,0.000210821,0.000294431,1.81726e-07,1
153,2.68895e-07,0.000208142,0.000294461,1.7897e-07,1
154,2.60126e-07,0.000205497,0.000294491,1.76259e-07,1
155,2.51627e-07,0.000202886,0.000294521,1.73592e-07,1
156,2.43391e-07,0.000200307,0.00029455,1.70968e-07,1
157,2.3541e-07,0.00019776,0.000294579,1.68387e-07,1
158,2.27678e-07,0.000195246,0.000294607,1.65848e-07,1
159,2.20188e-07,0.000192763,0.000294635,1.6335e-07,1
160,2.12934e-07,0.000190311,0.000294662,1.60894e-07,1
161,2.05909e-07,0.000187891,0.000294689,1.58478e-07,1
162,1.99106e-07,0.000185501,0.000294716,1.56101e-07,1
163,1.9252e-07,0.000183141,0.000294742,1.53764e-07,1
164,1.86143e-07,0.00018081,0.000294768,1.51466e-07,1
165,1.79971e-07,0.000178509,0.000294794,1.49206e-07,1
166,1.73997e-07,0.000176237,0.000294819,1.46983e-07,1
167,1.68215e-07,0.000173994,0.000294843,1.44797e-07,1
168,1.62619e-07,0.000171779,0.000294868,1.42647e-07,1
169,1.57204e-07,0.000169592,0.000294892,1.40532e-07,1
170,1.51965e-07,0.000167433,0.000294915,1.38453e-07,1
171,1.46896e-07,0.0001653,0.000294939,1.36408e-07,1
172,1.41992e-07,0.000163195,0.000294961,1.34397e-07,1
173,1.37248e-07,0.000161117,0.000294984,1.32419e-07,1
174,1.32659e-07,0.000159064,0.000295006,1.30474e-07,1
175,1.2822e-07,0.000157038,0.000295028,1.28561e-07,1
176,1.23927e-07,0.000155037,0.00029505,1.2668e-07,1
177,1.19775e-07,0.000153062,0.000295071,1.24829e-07,1
178,1.15759e-07,0.000151111,0.000295092,1.23009e-07,1
179,1.11876e-07,0.000149185,0.000295113,1.21219e-07,1
180,1.08121e-07,0.000147284,0.000295133,1.19458e-07,1
181,1.0449e-07,0.000145407,0.000295153,1.17726e-07,1
182,1.00979e-07,0.000143553,0.000295173,1.16022e-07,1
183,9.75847e-08,0.000141723,0.000295193,1.14346e-07,1
184,9.43028e-08,0.000139916,0.000295212,1.12698e-07,1
185,9.11298e-08,0.000138132,0.000295231,1.11076e-07,1
186,8.80622e-08,0.00013637,0.000295249,1.0948e-07,1
187,8.50968e-08,0.000134631,0.000295268,1.0791e-07,1
188,8.223e-08,0.000132914,0.000295286,1.06365e-07,1
189,7.94589e-08,0.000131219,0.000295304,1.04846e-07,1
190,7.67802e-08,0.000129545,0.000295321,1.0335e-07,1
191,7.41909e-08,0.000127893,0.000295339,1.01879e-07,1
192,7.16881e-08,0.000126261,0.000295356,1.00431e-07,1
193,6.92691e-08,0.00012465,0.000295373,9.9006e-08,1
194,6.69309e-08,0.00012306,0.000295389,9.76038e-08,1
195,6.46711e-08,0.000121489,0.000295406,9.62239e-08,1
196,6.2487e-08,0.000119939,0.000295422,9.48657e-08,1
197,6.03761e-08,0.000118409,0.000295438,9.3529e-08,1
198,5.83361e-08,0.000116897,0.000295454,9.22134e-08,1
199,5.63645e-08,0.000115405,0.000295469,9.09183e-08,1
200,5.44592e-08,0.000113932,0.000295484,8.96436e-08,1
201,5.26178e-08,0.000112478,0.000295499,8.83887e-08,1
202,5.08384e-08,0.000111042,0.000295514,8.71533e-08,1
203,4.91188e-08,0.000109625,0.000295529,8.59372e-08,1
204,4.74571e-08,0.000108225,0.000295543,8.47399e-08,1
205,4.58513e-08,0.000106843,0.000295558,8.3561e-08,1
206,4.42996e-08,0.000105479,0.000295572,8.24004e-08,1
207,4.28002e-08,0.000104132,0.000295585,8.12575e-08,1
208,4.13513e-08,0.000102803,0.000295599,8.01322e-08,1
209,3.99512e-08,0.00010149,0.000295613,7.90241e-08,1
210,3.85984e-08,0.000100194,0.000295626,7.79328e-08,1
211,3.72912e-08,9.89141e-05,0.000295639,7.68581e-08,1
212,3.60281e-08,9.76507e-05,0.000295652,7.57998e-08,1
213,3.48077e-08,9.64035e-05,0.000295665,7.47574e-08,1
214,3.36285e-08,9.51722e-05,0.000295677,7.37308e-08,1
215,3.2489e-08,9.39565e-05,0.00029569,7.27196e-08,1
216,3.13881e-08,9.27563e-05,0.000295702,7.17236e-08,1
217,3.03244e-08,9.15713e-05,0.000295714,7.07425e-08,1
218,2.92966e-08,9.04015e-05,0.000295726,6.9776e-08,1
219,2.83036e-08,8.92466e-05,0.000295737,6.88239e-08,1
220,2.73441e-08,8.81063e-05,0.000295749,6.7886e-08,1
221,2.64171e-08,8.69807e-05,0.00029576,6.6962e-08,1
222,2.55215e-08,8.58693e-05,0.000295772,6.60516e-08,1
223,2.46561e-08,8.47721e-05,0.000295783,6.51547e-08,1
224,2.38201e-08,8.36889e-05,0.000295794,6.42709e-08,1
225,2.30123e-08,8.26195e-05,0.000295805,6.34002e-08,1
226,2.22318e-08,8.15637e-05,0.000295815,6.25422e-08,1
227,2.14778e-08,8.05214e-05,0.000295826,6.16967e-08,1
228,2.07493e-08,7.94923e-05,0.000295836,6.08635e-08,1
229,2.00455e-08,7.84764e-05,0.000295846,6.00425e-08,1
230,1.93655e-08,7.74734e-05,0.000295856,5.92334e-08,1
231,1.87086e-08,7.64833e-05,0.000295866,5.8436e-08,1
232,1.80739e-08,7.55057e-05,0.000295876,5.76501e-08,1
233,1.74607e-08,7.45406e-05,0.000295886,5.68756e-08,1
234,1.68682e-08,7.35879e-05,0.000295895,5.61122e-08,1
235,1.62959e-08,7.26472e-05,0.000295905,5.53597e-08,1
236,1.57429e-08,7.17186e-05,0.000295914,5.46181e-08,1
237,1.52087e-08,7.08018e-05,0.000295923,5.3887e-08,1
238,1.46926e-08,6.98967e-05,0.000295932,5.31664e-08,1
239,1.4194e-08,6.90032e-05,0.000295941,5.2456e-08,1
240,1.37123e-08,6.81211e-05,0.00029595,5.17558e-08,1
241,1.32469e-08,6.72502e-05,0.000295959,5.10654e-08,1
242,1.27973e-08,6.63904e-05,0.000295967,5.03849e-08,1
243,1.23629e-08,6.55416e-05,0.000295976,4.9714e-08,1
244,1.19433e-08,6.47037e-05,0.000295984,4.90525e-08,1
245,1.15379e-08,6.38764e-05,0.000295992,4.84003e-08,1
246,1.11463e-08,6.30597e-05,0.000296001,4.77574e-08,1
247,1.07679e-08,6.22534e-05,0.000296009,4.71234e-08,1
248,1.04024e-08,6.14574e-05,0.000296017,4.64983e-08,1
249,1.00492e-08,6.06716e-05,0.000296024,4.5882e-08,1
250,9.70807e-09,5.98958e-05,0.000296032,4.52742e-08,1
251,9.37849e-09,5.91299e-05,0.00029604,4.4675e-08,1
252,9.06009e-09,5.83738e-05,0.000296047,4.4084e-08,1
253,8.75249e-09,5.76273e-05,0.000296055,4.35013e-08,1
254,8.45532e-09,5.68904e-05,0.000296062,4.29267e-08,1
255,8.16824e-09,5.61629e-05,0.000296069,4.236e-08,1
256,7.8909e-09,5.54446e-05,0.000296076,4.18012e-08,1
257,7.62297e-09,5.47356e-05,0.000296083,4.12501e-08,1
258,7.36413e-09,5.40356e-05,0.00029609,4.07065e-08,1
259,7.11408e-09,5.33445e-05,0.000296097,4.01705e-08,1
260,6.87251e-09,5.26623e-05,0.000296104,3.96418e-08,1
261,6.63913e-09,5.19888e-05,0.00029611,3.91204e-08,1
262,6.41368e-09,5.13239e-05,0.000296117,3.86062e-08,1
263,6.19588e-09,5.06674e-05,0.000296123,3.80989e-08,1
264,5.98548e-09,5.00194e-05,0.00029613,3.75987e-08,1
265,5.78221e-09,4.93796e-05,0.000296136,3.71052e-08,1
