"Time","Infected","Quarantined","Deceased","Hospitalized","Output"
1,0.000129246,0.00126795,0.000228976,1.72671e-05,0
2,0.000122004,0.00126119,0.000232018,1.65042e-05,0
3,0.000114756,0.001254,0.00023492,1.57699e-05,0
4,0.000107949,0.00124638,0.000237687,1.50617e-05,0
5,0.000101556,0.00123838,0.000240325,1.43795e-05,0
6,9.5553e-05,0.00123002,0.000242838,1.37231e-05,0
7,8.99154e-05,0.00122133,0.000245233,1.30924e-05,0
8,8.46214e-05,0.00121235,0.000247514,1.24869e-05,0
9,7.96504e-05,0.00120311,0.000249685,1.19062e-05,0
10,7.4983e-05,0.00119362,0.000251752,1.13498e-05,0
11,8.96782e-05,0.00118392,0.00025372,1.08172e-05,0
12,0.000107156,0.00117522,0.000255593,1.04119e-05,0
13,0.00012794,0.00116771,0.000257393,1.01378e-05,0
14,0.000152658,0.00116158,0.000259145,1.00013e-05,0
15,0.000182056,0.00115708,0.000260873,1.00116e-05,0
16,0.000217022,0.00115449,0.000262602,1.01814e-05,0
17,0.000258612,0.00115415,0.000264361,1.05268e-05,0
18,0.000308042,0.00115648,0.000266182,1.10684e-05,0
19,0.000366769,0.00116193,0.0002681,1.18318e-05,0
20,0.000436574,0.00117108,0.000270154,1.2848e-05,0
21,0.000519563,0.00118459,0.00027239,1.4155e-05,0
22,0.0006181,0.00120327,0.000274863,1.57988e-05,0
23,0.000735084,0.00122806,0.000277636,1.78344e-05,0
24,0.000874063,0.00126008,0.000280782,2.03271e-05,0
25,0.00103916,0.00130065,0.000284393,2.3356e-05,0
26,0.00123524,0.00135136,0.000288575,2.7015e-05,0
27,0.00146811,0.00141408,0.000293458,3.14158e-05,0
28,0.00174459,0.00149103,0.000299203,3.6691e-05,0
29,0.00163579,0.00158487,0.000306004,4.29976e-05,0
30,0.00153419,0.00167114,0.000314103,4.81341e-05,0
31,0.00143889,0.0017503,0.000323286,5.22446e-05,0
32,0.00134951,0.00182277,0.000333354,5.54563e-05,0
33,0.00126568,0.00188893,0.000344126,5.78837e-05,0
34,0.00118706,0.00194914,0.000355436,5.96295e-05,0
35,0.00111331,0.00200375,0.000367136,6.07852e-05,0
36,0.00104415,0.00205311,0.000379096,6.14325e-05,0
37,0.000979282,0.00209752,0.000391203,6.16439e-05,0
38,0.000918445,0.00213729,0.000403357,6.14836e-05,0
39,0.000861387,0.00217269,0.000415475,6.10083e-05,0
40,0.000807875,0.002204,0.000427485,6.0268e-05,0
41,0.000757689,0.00223147,0.000439329,5.9307e-05,0
42,0.000710622,0.00225535,0.000450957,5.81637e-05,0
43,0.000666482,0.00227586,0.000462329,5.6872e-05,0
44,0.000625088,0.00229321,0.000473414,5.54615e-05,0
45,0.000586294,0.00230762,0.000484187,5.39581e-05,0
46,0.000549917,0.00231927,0.000494629,5.23841e-05,0
47,0.000515815,0.00232836,0.000504728,5.07592e-05,0
48,0.000483851,0.00233504,0.000514475,4.90999e-05,0
49,0.000453895,0.00233949,0.000523864,4.7421e-05,0
50,0.000425827,0.00234186,0.000532895,4.57346e-05,0
51,0.000399534,0.00234229,0.000541568,4.40515e-05,0
52,0.000374913,0.00234092,0.000549887,4.23807e-05,0
53,0.000351866,0.00233788,0.000557857,4.07298e-05,0
54,0.000330306,0.00233329,0.000565484,3.91052e-05,0
55,0.000310162,0.00232727,0.000572778,3.75122e-05,0
56,0.000291352,0.00231993,0.000579746,3.59555e-05,0
57,0.000273808,0.00231137,0.000586398,3.44385e-05,0
58,0.000257475,0.0023017,0.000592745,3.29643e-05,0
59,0.000242302,0.002291,0.000598797,3.15353e-05,0
60,0.000227777,0.00227936,0.000604565,3.01535e-05,0
61,0.000214152,0.00226685,0.000610061,2.88178e-05,0
62,0.000201374,0.00225353,0.000615296,2.75287e-05,0
63,0.000189396,0.00223947,0.000620279,2.62864e-05,0
64,0.000178173,0.00222474,0.000625022,2.50908e-05,0
65,0.000167665,0.00220939,0.000629535,2.39417e-05,0
66,0.000157835,0.00219348,0.000633829,2.28385e-05,0
67,0.000148652,0.00217707,0.000637912,2.17806e-05,0
68,0.000140085,0.00216021,0.000641796,2.07674e-05,0
69,0.000132111,0.00214294,0.000645489,1.9798e-05,0
70,0.000124711,0.00212531,0.000649,1.88716e-05,0
71,0.00011787,0.00210737,0.000652339,1.79873e-05,0
72,0.000111216,0.00208916,0.000655514,1.71443e-05,0
73,0.000104955,0.00207069,0.000658534,1.63399e-05,0
74,9.90627e-05,0.002052,0.000661405,1.55725e-05,0
75,9.35189e-05,0.00203312,0.000664136,1.48409e-05,0
76,8.83017e-05,0.00201407,0.000666733,1.41437e-05,0
77,8.33917e-05,0.00199488,0.000669204,1.34795e-05,0
78,0.000100186,0.00197557,0.000671555,1.28469e-05,0
79,0.000120117,0.00195753,0.000673791,1.23616e-05,0
80,0.000143744,0.00194093,0.00067594,1.20277e-05,0
81,0.000171757,0.00192601,0.000678029,1.18517e-05,0
82,0.00020498,0.00191303,0.000680087,1.18437e-05,0
83,0.000244385,0.00190232,0.000682143,1.20171e-05,0
84,0.00029113,0.00189424,0.00068423,1.23897e-05,0
85,0.000346585,0.00188924,0.000686384,1.29837e-05,0
86,0.000412378,0.00188786,0.000688645,1.38272e-05,0
87,0.000490438,0.00189071,0.000691059,1.49543e-05,0
88,0.00058296,0.00189854,0.000693677,1.64068e-05,0
89,0.000692591,0.00191222,0.000696561,1.82347e-05,0
90,0.000822569,0.00193279,0.000699781,2.04975e-05,0
91,0.000976675,0.00196148,0.000703424,2.32674e-05,0
92,0.00115939,0.00199974,0.000707589,2.66301e-05,0
93,0.00137495,0.00204931,0.000712398,3.06878e-05,0
94,0.00163027,0.00211216,0.000717999,3.55562e-05,0
95,0.00152744,0.00219071,0.000724571,4.13772e-05,0
96,0.0014318,0.00226222,0.000732332,4.61054e-05,0
97,0.00134218,0.00232716,0.000741084,4.98779e-05,0
98,0.00125824,0.00238592,0.000750641,5.28142e-05,0
99,0.00117961,0.00243887,0.000760833,5.50215e-05,0
100,0.00110597,0.00248635,0.000771509,5.65961e-05,0
101,0.00103704,0.0025287,0.000782533,5.76237e-05,0
102,0.00097228,0.00256624,0.000793785,5.81808e-05,0
103,0.000911581,0.00259926,0.000805161,5.8334e-05,0
104,0.000854691,0.00262803,0.000816571,5.81432e-05,0
105,0.000801372,0.00265283,0.000827939,5.76611e-05,0
106,0.000751403,0.00267392,0.000839199,5.69345e-05,0
107,0.000704574,0.00269152,0.000850298,5.60043e-05,0
108,0.000660664,0.00270586,0.000861191,5.49064e-05,0
109,0.000619507,0.00271716,0.000871841,5.36723e-05,0
110,0.000580932,0.00272562,0.000882221,5.23293e-05,0
111,0.000544777,0.00273143,0.000892308,5.09016e-05,0
112,0.000510891,0.00273477,0.000902086,4.94098e-05,0
113,0.000479129,0.00273581,0.000911542,4.7872e-05,0
114,0.000449361,0.00273471,0.000920669,4.63038e-05,0
115,0.000421451,0.00273162,0.000929462,4.47184e-05,0
116,0.000395291,0.00272668,0.000937921,4.31273e-05,0
117,0.000370768,0.00272003,0.000946046,4.15403e-05,0
118,0.00034778,0.00271178,0.000953842,3.99655e-05,0
119,0.000326231,0.00270207,0.000961312,3.841e-05,0
120,0.00030603,0.002691,0.000968463,3.68793e-05,0
121,0.000287094,0.00267867,0.000975302,3.53785e-05,0
122,0.000269343,0.00266518,0.000981838,3.39112e-05,0
123,0.000252703,0.00265063,0.000988079,3.24807e-05,0
124,0.000237104,0.0026351,0.000994035,3.10894e-05,0
125,0.000222481,0.00261868,0.000999715,2.97391e-05,0
126,0.000208773,0.00260144,0.00100513,2.84312e-05,0
127,0.000195922,0.00258344,0.00101029,2.71667e-05,0
128,0.000183875,0.00256477,0.0010152,2.5946e-05,0
129,0.000172578,0.00254548,0.00101988,2.47694e-05,0
130,0.000161987,0.00252563,0.00102433,2.36368e-05,0
131,0.000152057,0.00250527,0.00102857,2.25478e-05,0
132,0.000142748,0.00248447,0.00103259,2.15022e-05,0
133,0.000134021,0.00246326,0.00103643,2.0499e-05,0
134,0.000125838,0.00244169,0.00104007,1.95377e-05,0
135,0.000118167,0.0024198,0.00104353,1.86172e-05,0
136,0.000110974,0.00239764,0.00104682,1.77365e-05,0
137,0.000104255,0.00237524,0.00104995,1.68947e-05,0
138,9.79678e-05,0.00235263,0.00105293,1.60907e-05,0
139,9.20866e-05,0.00232986,0.00105575,1.53234e-05,0
140,8.6589e-05,0.00230694,0.00105844,1.45916e-05,0
141,8.14544e-05,0.00228391,0.00106099,1.38942e-05,0
142,7.66642e-05,0.0022608,0.00106341,1.323e-05,0
143,9.15399e-05,0.00223763,0.00106572,1.25979e-05,0
144,0.000109744,0.00221565,0.00106791,1.21024e-05,0
145,0.000131467,0.00219506,0.00107001,1.17494e-05,0
146,0.000157389,0.00217607,0.00107205,1.15455e-05,0
147,0.000188329,0.00215895,0.00107406,1.15004e-05,0
148,0.000225258,0.00214399,0.00107605,1.16273e-05,0
149,0.000269342,0.00213157,0.00107807,1.19438e-05,0
150,0.000321969,0.00212212,0.00108014,1.2472e-05,0
151,0.000384711,0.00211614,0.00108231,1.32398e-05,0
152,0.000459504,0.00211427,0.00108462,1.42813e-05,0
153,0.000547037,0.00211722,0.00108711,1.56377e-05,0
154,0.000649259,0.00212576,0.00108986,1.73507e-05,0
155,0.000770232,0.00214078,0.00109291,1.94684e-05,0
156,0.00091339,0.00216341,0.00109636,2.20569e-05,0
157,0.00108278,0.00219498,0.0011003,2.51948e-05,0
158,0.00128318,0.00223709,0.00110483,2.89754e-05,0
159,0.00152026,0.0022916,0.0011101,3.35092e-05,0
160,0.00142372,0.00236074,0.00111626,3.89268e-05,0
161,0.00133366,0.00242332,0.00112352,4.33239e-05,0
162,0.00124931,0.00247978,0.00113168,4.6827e-05,0
163,0.00117029,0.00253047,0.00114059,4.9548e-05,0
164,0.00109628,0.00257575,0.00115007,5.15875e-05,0
165,0.00102695,0.00261593,0.00116,5.30353e-05,0
166,0.000962015,0.00265135,0.00117024,5.39716e-05,0
167,0.000901189,0.00268228,0.00118068,5.44677e-05,0
168,0.000844215,0.00270903,0.00119124,5.4587e-05,0
169,0.000790848,0.00273184,0.00120182,5.43855e-05,0
170,0.000740861,0.00275098,0.00121236,5.39125e-05,0
171,0.000694039,0.00276668,0.00122279,5.32119e-05,0
172,0.000650185,0.00277917,0.00123307,5.23218e-05,0
173,0.000609109,0.00278866,0.00124315,5.1276e-05,0
174,0.000570636,0.00279535,0.00125301,5.01039e-05,0
175,0.000534601,0.00279944,0.00126262,4.88312e-05,0
176,0.000500851,0.00280109,0.00127195,4.74804e-05,0
177,0.000469241,0.00280049,0.00128099,4.60708e-05,0
178,0.000439636,0.00279779,0.00128974,4.46193e-05,0
179,0.00041191,0.00279314,0.00129817,4.31404e-05,0
180,0.000385944,0.00278668,0.0013063,4.16467e-05,0
181,0.000361627,0.00277855,0.00131412,4.01487e-05,0
182,0.000338855,0.00276886,0.00132163,3.86556e-05,0
183,0.000317531,0.00275774,0.00132883,3.71751e-05,0
184,0.000297567,0.00274531,0.00133573,3.57136e-05,0
185,0.00027885,0.00273165,0.00134233,3.42765e-05,0
186,0.000261318,0.00271688,0.00134865,3.28682e-05,0
187,0.000244897,0.00270107,0.00135468,3.14922e-05,0
188,0.000229517,0.00268432,0.00136044,3.01514e-05,0
189,0.000215111,0.00266671,0.00136593,2.8848e-05,0
190,0.000201619,0.00264831,0.00137117,2.75838e-05,0
191,0.000188983,0.0026292,0.00137617,2.63599e-05,0
192,0.000177148,0.00260944,0.00138093,2.51772e-05,0
193,0.000166061,0.00258908,0.00138546,2.40361e-05,0
194,0.000155676,0.0025682,0.00138977,2.29368e-05,0
195,0.000145952,0.00254685,0.00139387,2.18792e-05,0
196,0.000136845,0.00252507,0.00139777,2.0863e-05,0
197,0.000128309,0.00250291,0.00140148,1.98876e-05,0
198,0.000120314,0.00248042,0.00140501,1.89525e-05,0
199,0.000112826,0.00245764,0.00140836,1.80567e-05,0
200,0.000105813,0.00243461,0.00141155,1.71995e-05,0
201,9.92454e-05,0.00241136,0.00141458,1.63799e-05,0
202,9.30961e-05,0.00238794,0.00141746,1.55969e-05,0
203,8.7336e-05,0.00236436,0.0014202,1.48493e-05,0
204,8.19441e-05,0.00234066,0.00142279,1.4136e-05,0
205,7.68992e-05,0.00231687,0.00142526,1.3456e-05,0
206,9.13724e-05,0.00229302,0.00142761,1.28081e-05,0
207,0.000108735,0.00227033,0.00142984,1.22959e-05,0
208,0.000129233,0.00224898,0.00143198,1.19231e-05,0
209,0.000153351,0.00222918,0.00143405,1.16945e-05,0
210,0.000181869,0.00221113,0.00143608,1.1617e-05,0
211,0.000215596,0.00219511,0.00143809,1.17011e-05,0
212,0.000255485,0.00218142,0.00144012,1.19611e-05,0
213,0.000302627,0.00217045,0.0014422,1.24148e-05,0
214,0.000358321,0.00216263,0.00144436,1.30849e-05,0
215,0.000424134,0.00215848,0.00144664,1.39986e-05,0
216,0.000501913,0.00215861,0.00144908,1.51897e-05,0
217,0.000593842,0.00216374,0.00145174,1.66988e-05,0
218,0.000702488,0.00217472,0.00145468,1.85746e-05,0
219,0.00083088,0.00219257,0.00145796,2.08756e-05,0
220,0.00098259,0.00221847,0.00146168,2.36712e-05,0
221,0.00116183,0.00225383,0.00146592,2.7044e-05,0
222,0.00137356,0.00230032,0.00147081,3.10917e-05,0
223,0.00162362,0.00235989,0.00147649,3.59296e-05,0
224,0.00151894,0.00243486,0.00148314,4.16938e-05,0
225,0.00142135,0.00250272,0.00149096,4.63601e-05,0
226,0.00133002,0.00256393,0.00149977,5.00653e-05,0
227,0.00124459,0.0026189,0.00150937,5.2931e-05,0
228,0.00116465,0.00266799,0.00151958,5.50659e-05,0
229,0.00108987,0.00271159,0.00153027,5.65674e-05,0
230,0.00101993,0.00275002,0.00154129,5.75223e-05,0
231,0.000954523,0.00278363,0.00155252,5.80078e-05,0
232,0.000893361,0.00281272,0.00156385,5.80925e-05,0
233,0.000836182,0.00283758,0.00157521,5.78367e-05,0
234,0.000782742,0.0028585,0.00158651,5.72941e-05,0
235,0.000732815,0.00287573,0.00159769,5.65116e-05,0
236,0.000686193,0.00288953,0.00160869,5.55307e-05,0
237,0.000642459,0.00290013,0.00161948,5.43879e-05,0
238,0.000601572,0.00290774,0.00163002,5.31137e-05,0
239,0.000563358,0.00291258,0.00164028,5.17356e-05,0
240,0.00052766,0.00291483,0.00165023,5.02777e-05,0
241,0.000494325,0.00291468,0.00165988,4.87608e-05,0
242,0.000463218,0.00291231,0.00166919,4.7203e-05,0
243,0.000434212,0.00290788,0.00167818,4.56198e-05,0
244,0.000407194,0.00290155,0.00168683,4.40248e-05,0
245,0.000382062,0.00289347,0.00169514,4.24295e-05,0
246,0.000358213,0.00288378,0.00170312,4.0844e-05,0
247,0.000335884,0.00287258,0.00171077,3.92741e-05,0
248,0.000314983,0.00286,0.0017181,3.77262e-05,0
249,0.00029542,0.00284613,0.00172511,3.62059e-05,0
250,0.000277114,0.00283108,0.00173181,3.47175e-05,0
251,0.00025999,0.00281495,0.00173822,3.32649e-05,0
252,0.000243978,0.00279783,0.00174433,3.18508e-05,0
253,0.000229014,0.00277981,0.00175016,3.04776e-05,0
254,0.00021504,0.00276097,0.00175572,2.91471e-05,0
255,0.000202002,0.00274138,0.00176102,2.78605e-05,0
256,0.000189853,0.00272111,0.00176607,2.66187e-05,0
257,0.000178552,0.00270024,0.00177087,2.54224e-05,0
258,0.000168063,0.00267883,0.00177545,2.42718e-05,0
259,0.000158055,0.00265694,0.00177981,2.31671e-05,0
260,0.000148653,0.00263461,0.00178395,2.21066e-05,0
261,0.000139837,0.00261189,0.0017879,2.10894e-05,0
262,0.000131572,0.00258883,0.00179165,2.01148e-05,0
263,0.000123822,0.00256546,0.00179522,1.91818e-05,0
264,0.000116558,0.00254182,0.00179862,1.82893e-05,0
265,0.00010975,0.00251797,0.00180185,1.74363e-05,0
