"Time","Infected","Quarantined","Deceased","Hospitalized","Output"
1,0.000356462,0.00136408,0.000301477,2.21572e-05,1
2,0.000342729,0.00136087,0.000305431,2.15179e-05,1
3,0.000329442,0.00135638,0.000309265,2.08874e-05,1
4,0.000316669,0.00135068,0.000312981,2.02666e-05,1
5,0.00030439,0.00134385,0.00031658,1.96565e-05,1
6,0.000292587,0.00133597,0.000320065,1.90581e-05,1
7,0.000281242,0.00132711,0.000323439,1.8472e-05,1
8,0.000270336,0.00131734,0.000326704,1.78988e-05,1
9,0.000259853,0.00130672,0.000329862,1.73389e-05,1
10,0.000249776,0.00129532,0.000332917,1.67926e-05,1
11,0.00024009,0.0012832,0.000335872,1.62601e-05,1
12,0.00023078,0.00127042,0.000338729,1.57415e-05,1
13,0.00022183,0.00125704,0.000341491,1.52368e-05,1
14,0.000213228,0.0012431,0.00034416,1.47461e-05,1
15,0.00020496,0.00122867,0.00034674,1.42691e-05,1
16,0.000197012,0.00121378,0.000349234,1.38058e-05,1
17,0.000186743,0.00119848,0.000351644,1.33561e-05,1
18,0.000176931,0.00118268,0.000353972,1.29069e-05,1
19,0.000167639,0.00116641,0.000356219,1.24604e-05,1
20,0.000158837,0.00114973,0.000358386,1.20186e-05,1
21,0.000150501,0.00113267,0.000360473,1.15832e-05,1
22,0.000142606,0.00111529,0.000362483,1.11557e-05,1
23,0.000135128,0.00109761,0.000364416,1.07372e-05,1
24,0.000128045,0.0010797,0.000366274,1.03286e-05,1
25,0.000121336,0.00106157,0.00036806,9.93063e-06,1
26,0.000114982,0.00104328,0.000369775,9.54373e-06,1
27,0.000108963,0.00102486,0.000371421,9.1683e-06,1
28,0.000103263,0.00100634,0.000373001,8.80458e-06,1
29,9.78632e-05,0.000987754,0.000374517,8.4527e-06,1
30,9.27488e-05,0.000969131,0.000375971,8.11272e-06,1
31,8.79044e-05,0.000950502,0.000377365,7.78458e-06,1
32,8.33157e-05,0.000931892,0.000378702,7.46821e-06,1
33,7.89692e-05,0.000913327,0.000379983,7.16344e-06,1
34,7.48519e-05,0.000894829,0.00038121,6.8701e-06,1
35,7.09519e-05,0.000876422,0.000382387,6.58794e-06,1
36,6.72575e-05,0.000858124,0.000383514,6.31673e-06,1
37,6.37579e-05,0.000839954,0.000384594,6.05618e-06,1
38,6.04427e-05,0.000821929,0.000385629,5.80601e-06,1
39,5.73022e-05,0.000804066,0.00038662,5.56591e-06,1
40,5.43271e-05,0.000786377,0.00038757,5.33556e-06,1
41,5.15087e-05,0.000768877,0.00038848,5.11466e-06,1
42,4.88386e-05,0.000751576,0.000389352,4.90288e-06,1
43,4.6309e-05,0.000734486,0.000390187,4.6999e-06,1
44,4.39115e-05,0.000717616,0.000390987,4.50541e-06,1
45,4.1654e-05,0.000700974,0.000391753,4.31909e-06,1
46,3.95143e-05,0.00068457,0.000392488,4.14069e-06,1
47,3.7486e-05,0.000668408,0.000393192,3.9699e-06,1
48,3.55635e-05,0.000652496,0.000393866,3.80641e-06,1
49,3.37411e-05,0.000636837,0.000394512,3.64991e-06,1
50,3.20135e-05,0.000621437,0.000395132,3.50012e-06,1
51,3.03757e-05,0.000606298,0.000395726,3.35675e-06,1
52,2.88231e-05,0.000591423,0.000396295,3.21953e-06,1
53,2.73513e-05,0.000576814,0.000396841,3.0882e-06,1
54,2.5956e-05,0.000562473,0.000397364,2.9625e-06,1
55,2.46332e-05,0.000548401,0.000397866,2.84221e-06,1
56,2.33792e-05,0.000534598,0.000398347,2.72707e-06,1
57,2.21903e-05,0.000521064,0.000398809,2.61687e-06,1
58,2.10631e-05,0.0005078,0.000399252,2.51138e-06,1
59,1.99944e-05,0.000494804,0.000399677,2.41042e-06,1
60,1.89811e-05,0.000482075,0.000400084,2.31377e-06,1
61,1.80204e-05,0.000469611,0.000400475,2.22125e-06,1
62,1.71094e-05,0.000457412,0.000400851,2.13267e-06,1
63,1.62456e-05,0.000445475,0.000401211,2.04787e-06,1
64,1.54264e-05,0.000433797,0.000401557,1.96667e-06,1
65,1.46497e-05,0.000422377,0.00040189,1.88891e-06,1
66,1.39131e-05,0.000411211,0.000402209,1.81445e-06,1
67,1.32145e-05,0.000400297,0.000402515,1.74314e-06,1
68,1.2552e-05,0.000389631,0.000402809,1.67483e-06,1
69,1.19237e-05,0.000379211,0.000403092,1.6094e-06,1
70,1.13277e-05,0.000369033,0.000403364,1.54672e-06,1
71,1.07625e-05,0.000359094,0.000403625,1.48667e-06,1
72,1.02251e-05,0.00034939,0.000403875,1.42912e-06,1
73,9.77344e-06,0.000339917,0.000404117,1.37397e-06,1
74,9.34248e-06,0.000330676,0.000404348,1.32139e-06,1
75,8.93123e-06,0.000321661,0.000404571,1.27122e-06,1
76,8.53877e-06,0.00031287,0.000404785,1.22331e-06,1
77,8.1642e-06,0.000304297,0.000404992,1.17753e-06,1
78,7.80668e-06,0.00029594,0.00040519,1.13377e-06,1
79,7.46541e-06,0.000287793,0.000405381,1.09189e-06,1
80,7.13963e-06,0.000279853,0.000405565,1.0518e-06,1
81,6.82862e-06,0.000272116,0.000405742,1.01341e-06,1
82,6.53167e-06,0.000264577,0.000405913,9.76614e-07,1
83,6.24814e-06,0.000257233,0.000406078,9.41337e-07,1
84,5.9774e-06,0.000250078,0.000406236,9.07499e-07,1
85,5.71885e-06,0.00024311,0.000406389,8.75028e-07,1
86,5.47179e-06,0.000236324,0.000406536,8.43857e-07,1
87,5.24026e-06,0.000229715,0.000406679,8.13921e-07,1
88,5.01893e-06,0.000223281,0.000406816,7.85183e-07,1
89,4.80775e-06,0.000217017,0.000406948,7.57583e-07,1
90,4.60583e-06,0.00021092,0.000407075,7.31069e-07,1
91,4.41275e-06,0.000204984,0.000407198,7.05587e-07,1
92,4.22812e-06,0.000199208,0.000407317,6.81089e-07,1
93,4.05155e-06,0.000193586,0.000407432,6.57529e-07,1
94,3.88266e-06,0.000188116,0.000407543,6.34864e-07,1
95,3.72112e-06,0.000182793,0.000407649,6.13053e-07,1
96,3.56658e-06,0.000177614,0.000407753,5.92059e-07,1
97,3.41874e-06,0.000172576,0.000407852,5.71846e-07,1
98,3.27729e-06,0.000167674,0.000407948,5.52379e-07,1
99,3.14193e-06,0.000162906,0.000408041,5.33628e-07,1
100,3.01241e-06,0.000158269,0.000408131,5.15561e-07,1
101,2.88845e-06,0.000153758,0.000408218,4.98151e-07,1
102,2.76981e-06,0.000149371,0.000408302,4.8137e-07,1
103,2.65624e-06,0.000145105,0.000408383,4.65193e-07,1
104,2.54753e-06,0.000140956,0.000408461,4.49594e-07,1
105,2.44345e-06,0.000136922,0.000408537,4.34551e-07,1
106,2.3438e-06,0.000132999,0.00040861,4.20042e-07,1
107,2.24838e-06,0.000129185,0.00040868,4.06046e-07,1
108,2.15701e-06,0.000125477,0.000408749,3.92543e-07,1
109,2.0695e-06,0.000121872,0.000408815,3.79513e-07,1
110,1.98569e-06,0.000118368,0.000408878,3.66939e-07,1
111,1.90542e-06,0.000114961,0.00040894,3.54803e-07,1
112,1.82852e-06,0.00011165,0.000409,3.43088e-07,1
113,1.75484e-06,0.000108431,0.000409057,3.31778e-07,1
114,1.68426e-06,0.000105302,0.000409113,3.20859e-07,1
115,1.61663e-06,0.000102262,0.000409167,3.10316e-07,1
116,1.55182e-06,9.93066e-05,0.000409219,3.00134e-07,1
117,1.48972e-06,9.64346e-05,0.00040927,2.90301e-07,1
118,1.43019e-06,9.36436e-05,0.000409319,2.80804e-07,1
119,1.37314e-06,9.09313e-05,0.000409366,2.7163e-07,1
120,1.31846e-06,8.82958e-05,0.000409412,2.62767e-07,1
121,1.26603e-06,8.57348e-05,0.000409456,2.54205e-07,1
122,1.21577e-06,8.32464e-05,0.000409498,2.45933e-07,1
123,1.16758e-06,8.08286e-05,0.00040954,2.37939e-07,1
124,1.12138e-06,7.84794e-05,0.00040958,2.30215e-07,1
125,1.07707e-06,7.61971e-05,0.000409619,2.2275e-07,1
126,1.03458e-06,7.39797e-05,0.000409656,2.15536e-07,1
127,9.93826e-07,7.18256e-05,0.000409692,2.08563e-07,1
128,9.54738e-07,6.97328e-05,0.000409727,2.01823e-07,1
129,9.17244e-07,6.76999e-05,0.000409761,1.95308e-07,1
130,8.81275e-07,6.5725e-05,0.000409794,1.8901e-07,1
131,8.46769e-07,6.38067e-05,0.000409826,1.82921e-07,1
132,8.13661e-07,6.19433e-05,0.000409857,1.77034e-07,1
133,7.81895e-07,6.01333e-05,0.000409886,1.71342e-07,1
134,7.51412e-07,5.83752e-05,0.000409915,1.65838e-07,1
135,7.2216e-07,5.66677e-05,0.000409943,1.60516e-07,1
136,6.94086e-07,5.50092e-05,0.00040997,1.5537e-07,1
137,6.6714e-07,5.33984e-05,0.000409996,1.50393e-07,1
138,6.41277e-07,5.1834e-05,0.000410021,1.45579e-07,1
139,6.16451e-07,5.03147e-05,0.000410046,1.40924e-07,1
140,5.92617e-07,4.88392e-05,0.000410069,1.36421e-07,1
141,5.69736e-07,4.74063e-05,0.000410092,1.32065e-07,1
142,5.47768e-07,4.60148e-05,0.000410115,1.27852e-07,1
143,5.26674e-07,4.46635e-05,0.000410136,1.23777e-07,1
144,5.06419e-07,4.33513e-05,0.000410157,1.19834e-07,1
145,4.86968e-07,4.20771e-05,0.000410177,1.1602e-07,1
146,4.68288e-07,4.08398e-05,0.000410197,1.1233e-07,1
147,4.50347e-07,3.96384e-05,0.000410215,1.0876e-07,1
148,4.33114e-07,3.84718e-05,0.000410234,1.05306e-07,1
149,4.16562e-07,3.73391e-05,0.000410251,1.01963e-07,1
150,4.00661e-07,3.62393e-05,0.000410269,9.87291e-08,1
151,3.85386e-07,3.51714e-05,0.000410285,9.55997e-08,1
152,3.70711e-07,3.41346e-05,0.000410301,9.25714e-08,1
153,3.56611e-07,3.3128e-05,0.000410317,8.96408e-08,1
154,3.43063e-07,3.21507e-05,0.000410332,8.68047e-08,1
155,3.30044e-07,3.12019e-05,0.000410346,8.406e-08,1
156,3.17534e-07,3.02807e-05,0.000410361,8.14037e-08,1
157,3.05512e-07,2.93864e-05,0.000410374,7.88328e-08,1
158,2.93957e-07,2.85182e-05,0.000410387,7.63444e-08,1
159,2.82852e-07,2.76754e-05,0.0004104,7.3936e-08,1
160,2.72177e-07,2.68571e-05,0.000410413,7.16047e-08,1
161,2.61917e-07,2.60628e-05,0.000410425,6.93482e-08,1
162,2.52054e-07,2.52918e-05,0.000410436,6.71639e-08,1
163,2.42572e-07,2.45433e-05,0.000410448,6.50495e-08,1
164,2.33456e-07,2.38167e-05,0.000410459,6.30026e-08,1
165,2.24691e-07,2.31114e-05,0.000410469,6.10211e-08,1
166,2.16264e-07,2.24268e-05,0.000410479,5.91029e-08,1
167,2.08161e-07,2.17622e-05,0.000410489,5.72458e-08,1
168,2.0037e-07,2.11171e-05,0.000410499,5.54478e-08,1
169,1.92877e-07,2.0491e-05,0.000410508,5.37072e-08,1
170,1.85671e-07,1.98833e-05,0.000410517,5.20218e-08,1
171,1.78741e-07,1.92934e-05,0.000410526,5.03901e-08,1
172,1.72076e-07,1.87208e-05,0.000410535,4.88102e-08,1
173,1.65665e-07,1.81651e-05,0.000410543,4.72805e-08,1
174,1.59499e-07,1.76257e-05,0.000410551,4.57993e-08,1
175,1.53567e-07,1.71022e-05,0.000410558,4.43651e-08,1
176,1.47861e-07,1.65941e-05,0.000410566,4.29763e-08,1
177,1.42372e-07,1.61009e-05,0.000410573,4.16314e-08,1
178,1.37091e-07,1.56223e-05,0.00041058,4.03292e-08,1
179,1.3201e-07,1.51578e-05,0.000410587,3.90681e-08,1
180,1.27122e-07,1.4707e-05,0.000410593,3.78469e-08,1
181,1.22418e-07,1.42695e-05,0.0004106,3.66643e-08,1
182,1.17892e-07,1.38449e-05,0.000410606,3.5519e-08,1
183,1.13537e-07,1.34328e-05,0.000410612,3.44099e-08,1
184,1.09347e-07,1.30329e-05,0.000410618,3.33357e-08,1
185,1.05313e-07,1.26448e-05,0.000410623,3.22954e-08,1
186,1.01432e-07,1.22682e-05,0.000410629,3.12879e-08,1
187,9.76967e-08,1.19027e-05,0.000410634,3.03121e-08,1
188,9.41014e-08,1.1548e-05,0.000410639,2.9367e-08,1
189,9.0641e-08,1.12038e-05,0.000410644,2.84516e-08,1
190,8.73103e-08,1.08698e-05,0.000410649,2.7565e-08,1
191,8.41042e-08,1.05457e-05,0.000410653,2.67063e-08,1
192,8.10181e-08,1.02311e-05,0.000410658,2.58746e-08,1
193,7.80472e-08,9.92593e-06,0.000410662,2.5069e-08,1
194,7.51872e-08,9.62975e-06,0.000410666,2.42886e-08,1
195,7.24339e-08,9.34235e-06,0.00041067,2.35328e-08,1
196,6.97831e-08,9.06347e-06,0.000410674,2.28007e-08,1
197,6.7231e-08,8.79285e-06,0.000410678,2.20915e-08,1
198,6.47738e-08,8.53026e-06,0.000410682,2.14045e-08,1
199,6.2408e-08,8.27547e-06,0.000410686,2.0739e-08,1
200,6.01299e-08,8.02823e-06,0.000410689,2.00944e-08,1
201,5.79364e-08,7.78833e-06,0.000410692,1.947e-08,1
202,5.58241e-08,7.55556e-06,0.000410696,1.88651e-08,1
203,5.37901e-08,7.3297e-06,0.000410699,1.82791e-08,1
204,5.18314e-08,7.11055e-06,0.000410702,1.77114e-08,1
205,4.9945e-08,6.89791e-06,0.000410705,1.71615e-08,1
206,4.81284e-08,6.69159e-06,0.000410708,1.66288e-08,1
207,4.63788e-08,6.49141e-06,0.000410711,1.61127e-08,1
208,4.46937e-08,6.29718e-06,0.000410713,1.56127e-08,1
209,4.30708e-08,6.10872e-06,0.000410716,1.51283e-08,1
210,4.15076e-08,5.92588e-06,0.000410718,1.4659e-08,1
211,4.0002e-08,5.74847e-06,0.000410721,1.42044e-08,1
212,3.85517e-08,5.57635e-06,0.000410723,1.3764e-08,1
213,3.71547e-08,5.40935e-06,0.000410726,1.33372e-08,1
214,3.5809e-08,5.24732e-06,0.000410728,1.29238e-08,1
215,3.45127e-08,5.09013e-06,0.00041073,1.25233e-08,1
216,3.3264e-08,4.93761e-06,0.000410732,1.21352e-08,1
217,3.2061e-08,4.78964e-06,0.000410734,1.17593e-08,1
218,3.0902e-08,4.64608e-06,0.000410736,1.1395e-08,1
219,2.97855e-08,4.5068e-06,0.000410738,1.10421e-08,1
220,2.87098e-08,4.37168e-06,0.00041074,1.07001e-08,1
221,2.76734e-08,4.24058e-06,0.000410742,1.03688e-08,1
222,2.66749e-08,4.1134e-06,0.000410743,1.00478e-08,1
223,2.57129e-08,3.99001e-06,0.000410745,9.73676e-09,1
224,2.47859e-08,3.87031e-06,0.000410747,9.4354e-09,1
225,2.38927e-08,3.75418e-06,0.000410748,9.14341e-09,1
226,2.30321e-08,3.64151e-06,0.00041075,8.86049e-09,1
227,2.22028e-08,3.53221e-06,0.000410751,8.58637e-09,1
228,2.14037e-08,3.42618e-06,0.000410753,8.32075e-09,1
229,2.06337e-08,3.32331e-06,0.000410754,8.06339e-09,1
230,1.98917e-08,3.22352e-06,0.000410756,7.81402e-09,1
231,1.91766e-08,3.12671e-06,0.000410757,7.57238e-09,1
232,1.84875e-08,3.0328e-06,0.000410758,7.33825e-09,1
233,1.78234e-08,2.94169e-06,0.000410759,7.11138e-09,1
234,1.71834e-08,2.85331e-06,0.000410761,6.89155e-09,1
235,1.65667e-08,2.76757e-06,0.000410762,6.67854e-09,1
236,1.59722e-08,2.68439e-06,0.000410763,6.47213e-09,1
237,1.53993e-08,2.60371e-06,0.000410764,6.27213e-09,1
238,1.48472e-08,2.52544e-06,0.000410765,6.07832e-09,1
239,1.4315e-08,2.44951e-06,0.000410766,5.89052e-09,1
240,1.3802e-08,2.37585e-06,0.000410767,5.70854e-09,1
241,1.33076e-08,2.3044e-06,0.000410768,5.53221e-09,1
242,1.28311e-08,2.23509e-06,0.000410769,5.36133e-09,1
243,1.23718e-08,2.16786e-06,0.00041077,5.19575e-09,1
244,1.19291e-08,2.10264e-06,0.000410771,5.03529e-09,1
245,1.15023e-08,2.03938e-06,0.000410772,4.87981e-09,1
246,1.1091e-08,1.97801e-06,0.000410772,4.72914e-09,1
247,1.06944e-08,1.91848e-06,0.000410773,4.58313e-09,1
248,1.03122e-08,1.86073e-06,0.000410774,4.44165e-09,1
249,9.94372e-09,1.80472e-06,0.000410775,4.30454e-09,1
250,9.58852e-09,1.75038e-06,0.000410775,4.17167e-09,1
251,9.24611e-09,1.69768e-06,0.000410776,4.04292e-09,1
252,8.91601e-09,1.64655e-06,0.000410777,3.91815e-09,1
253,8.59779e-09,1.59696e-06,0.000410777,3.79724e-09,1
254,8.29101e-09,1.54886e-06,0.000410778,3.68007e-09,1
255,7.99525e-09,1.5022e-06,0.000410779,3.56652e-09,1
256,7.71012e-09,1.45694e-06,0.000410779,3.45649e-09,1
257,7.43523e-09,1.41304e-06,0.00041078,3.34985e-09,1
258,7.17021e-09,1.37046e-06,0.00041078,3.24652e-09,1
259,6.9147e-09,1.32916e-06,0.000410781,3.14638e-09,1
260,6.66835e-09,1.28909e-06,0.000410782,3.04933e-09,1
261,6.43084e-09,1.25023e-06,0.000410782,2.95528e-09,1
262,6.20184e-09,1.21254e-06,0.000410783,2.86414e-09,1
263,5.98105e-09,1.17598e-06,0.000410783,2.77581e-09,1
264,5.76817e-09,1.14052e-06,0.000410783,2.69022e-09,1
265,5.56291e-09,1.10612e-06,0.000410784,2.60727e-09,1
