"Time","Infected","Quarantined","Deceased","Hospitalized","Output"
1,0.000325015,0.000135279,0.00109019,5.9682e-05,1
2,0.000299801,0.000143348,0.00110191,4.40443e-05,1
3,0.000275369,0.000149135,0.00111023,3.28811e-05,1
4,0.00025297,0.000152892,0.00111627,2.48982e-05,1
5,0.000232434,0.000154928,0.00112074,1.91792e-05,1
6,0.000213607,0.000155509,0.00112414,1.50732e-05,1
7,0.000196345,0.000154873,0.00112678,1.21164e-05,1
8,0.000180518,0.000153225,0.00112889,9.97776e-06,1
9,0.000166006,0.000150743,0.00113061,8.421e-06,1
10,0.000152699,0.000147583,0.00113206,7.27738e-06,1
11,0.000139738,0.000143881,0.00113331,6.42652e-06,1
12,0.000127916,0.000139706,0.0011344,5.78271e-06,1
13,0.000117131,0.000135171,0.00113539,5.28464e-06,1
14,0.000107292,0.000130373,0.00113629,4.88895e-06,1
15,9.83147e-05,0.000125393,0.00113713,4.56513e-06,1
16,9.01236e-05,0.000120301,0.0011379,4.29176e-06,1
17,8.26489e-05,0.000115156,0.00113863,4.05396e-06,1
18,7.58278e-05,0.000110007,0.00113932,3.84141e-06,1
19,6.9602e-05,0.000104894,0.00113997,3.64708e-06,1
20,6.39189e-05,9.98516e-05,0.00114059,3.4662e-06,1
21,5.87307e-05,9.49068e-05,0.00114118,3.29558e-06,1
22,5.39937e-05,9.00816e-05,0.00114174,3.13315e-06,1
23,4.96679e-05,8.53932e-05,0.00114227,2.97759e-06,1
24,4.57172e-05,8.0855e-05,0.00114278,2.82806e-06,1
25,4.21084e-05,7.64768e-05,0.00114325,2.68408e-06,1
26,3.88113e-05,7.22654e-05,0.00114371,2.54538e-06,1
27,3.57985e-05,6.82254e-05,0.00114414,2.41181e-06,1
28,3.3045e-05,6.4359e-05,0.00114455,2.2833e-06,1
29,3.05278e-05,6.06668e-05,0.00114493,2.15982e-06,1
30,2.82263e-05,5.71479e-05,0.0011453,2.04136e-06,1
31,2.61213e-05,5.38003e-05,0.00114564,1.92789e-06,1
32,2.41956e-05,5.06208e-05,0.00114597,1.81938e-06,1
33,2.24335e-05,4.76055e-05,0.00114628,1.71579e-06,1
34,2.08205e-05,4.475e-05,0.00114657,1.61706e-06,1
35,1.93437e-05,4.20492e-05,0.00114684,1.52309e-06,1
36,1.79909e-05,3.94977e-05,0.0011471,1.4338e-06,1
37,1.67515e-05,3.709e-05,0.00114734,1.34906e-06,1
38,1.56153e-05,3.48202e-05,0.00114757,1.26876e-06,1
39,1.45735e-05,3.26825e-05,0.00114778,1.19275e-06,1
40,1.36177e-05,3.06708e-05,0.00114798,1.12089e-06,1
41,1.27405e-05,2.87793e-05,0.00114817,1.05302e-06,1
42,1.19349e-05,2.70022e-05,0.00114835,9.88995e-07,1
43,1.11948e-05,2.53336e-05,0.00114851,9.28649e-07,1
44,1.05144e-05,2.3768e-05,0.00114867,8.71822e-07,1
45,9.88938e-06,2.22998e-05,0.00114882,8.18353e-07,1
46,9.31408e-06,2.09238e-05,0.00114895,7.68082e-07,1
47,8.78417e-06,1.96349e-05,0.00114908,7.20853e-07,1
48,8.29574e-06,1.84282e-05,0.0011492,6.76511e-07,1
49,7.8452e-06,1.72987e-05,0.00114932,6.34907e-07,1
50,7.42931e-06,1.62421e-05,0.00114943,5.95893e-07,1
51,7.04507e-06,1.52539e-05,0.00114953,5.59328e-07,1
52,6.68979e-06,1.43301e-05,0.00114962,5.25074e-07,1
53,6.36099e-06,1.34666e-05,0.00114971,4.93001e-07,1
54,6.05641e-06,1.26598e-05,0.00114979,4.62982e-07,1
55,5.774e-06,1.1906e-05,0.00114987,4.34895e-07,1
56,5.51188e-06,1.1202e-05,0.00114994,4.08625e-07,1
57,5.26833e-06,1.05445e-05,0.00115001,3.84063e-07,1
58,5.0418e-06,9.93055e-06,0.00115008,3.61103e-07,1
59,4.83086e-06,9.35731e-06,0.00115014,3.39646e-07,1
60,4.63421e-06,8.82213e-06,0.00115019,3.19598e-07,1
61,4.45067e-06,8.32249e-06,0.00115025,3.00869e-07,1
62,4.27914e-06,7.85603e-06,0.0011503,2.83376e-07,1
63,4.11866e-06,7.42055e-06,0.00115035,2.67037e-07,1
64,3.9683e-06,7.01396e-06,0.00115039,2.5178e-07,1
65,3.82725e-06,6.63431e-06,0.00115043,2.37532e-07,1
66,3.69477e-06,6.27978e-06,0.00115047,2.24227e-07,1
67,3.57015e-06,5.94865e-06,0.00115051,2.11802e-07,1
68,3.45278e-06,5.63934e-06,0.00115055,2.002e-07,1
69,3.34208e-06,5.35033e-06,0.00115058,1.89364e-07,1
70,3.23753e-06,5.08024e-06,0.00115061,1.79243e-07,1
71,3.13865e-06,4.82776e-06,0.00115064,1.69789e-07,1
72,3.04472e-06,4.59167e-06,0.00115067,1.60956e-07,1
73,2.96272e-06,4.37081e-06,0.0011507,1.52702e-07,1
74,2.8843e-06,4.16457e-06,0.00115072,1.44987e-07,1
75,2.8092e-06,3.97186e-06,0.00115075,1.37778e-07,1
76,2.73721e-06,3.79169e-06,0.00115077,1.3104e-07,1
77,2.66812e-06,3.62312e-06,0.00115079,1.24744e-07,1
78,2.60174e-06,3.4653e-06,0.00115081,1.18858e-07,1
79,2.53791e-06,3.31745e-06,0.00115083,1.13353e-07,1
80,2.47646e-06,3.17883e-06,0.00115085,1.08204e-07,1
81,2.41724e-06,3.04876e-06,0.00115087,1.03384e-07,1
82,2.36012e-06,2.92662e-06,0.00115089,9.88702e-08,1
83,2.30498e-06,2.81183e-06,0.0011509,9.46403e-08,1
84,2.25171e-06,2.70387e-06,0.00115092,9.0674e-08,1
85,2.2002e-06,2.60223e-06,0.00115094,8.69521e-08,1
86,2.14147e-06,2.50646e-06,0.00115095,8.34569e-08,1
87,2.37081e-06,2.4156e-06,0.00115096,8.01723e-08,1
88,2.56513e-06,2.34705e-06,0.00115098,7.70785e-08,1
89,2.72879e-06,2.29664e-06,0.00115099,7.42994e-08,1
90,2.86426e-06,2.26087e-06,0.001151,7.18914e-08,1
91,2.97452e-06,2.23667e-06,0.00115102,6.98676e-08,1
92,3.06228e-06,2.22147e-06,0.00115103,6.8213e-08,1
93,3.12998e-06,2.21305e-06,0.00115104,6.68966e-08,1
94,3.17984e-06,2.20958e-06,0.00115105,6.58784e-08,1
95,3.21385e-06,2.20951e-06,0.00115106,6.5115e-08,1
96,3.23384e-06,2.21155e-06,0.00115107,6.45625e-08,1
97,3.24142e-06,2.21464e-06,0.00115108,6.41793e-08,1
98,3.23807e-06,2.21793e-06,0.00115109,6.39268e-08,1
99,3.22513e-06,2.22072e-06,0.0011511,6.37703e-08,1
100,3.20379e-06,2.22246e-06,0.00115111,6.36792e-08,1
101,3.17513e-06,2.22272e-06,0.00115113,6.36272e-08,1
102,3.14013e-06,2.22119e-06,0.00115114,6.35917e-08,1
103,3.09965e-06,2.21762e-06,0.00115115,6.35538e-08,1
104,3.05449e-06,2.21186e-06,0.00115116,6.34982e-08,1
105,3.00534e-06,2.20382e-06,0.00115117,6.34124e-08,1
106,2.95285e-06,2.19345e-06,0.00115118,6.32868e-08,1
107,2.89757e-06,2.18076e-06,0.00115119,6.31138e-08,1
108,2.84002e-06,2.16577e-06,0.0011512,6.28883e-08,1
109,2.78064e-06,2.14856e-06,0.00115121,6.26067e-08,1
110,2.71984e-06,2.1292e-06,0.00115122,6.22668e-08,1
111,2.65798e-06,2.1078e-06,0.00115123,6.18678e-08,1
112,2.59538e-06,2.08448e-06,0.00115124,6.141e-08,1
113,2.53232e-06,2.05936e-06,0.00115125,6.08944e-08,1
114,2.46905e-06,2.03258e-06,0.00115126,6.03229e-08,1
115,2.40579e-06,2.00426e-06,0.00115127,5.96977e-08,1
116,2.34274e-06,1.97455e-06,0.00115128,5.90216e-08,1
117,2.28005e-06,1.94359e-06,0.00115129,5.82976e-08,1
118,2.2179e-06,1.9115e-06,0.0011513,5.75291e-08,1
119,2.15639e-06,1.87843e-06,0.00115131,5.67196e-08,1
120,2.09565e-06,1.84449e-06,0.00115132,5.58725e-08,1
121,2.03576e-06,1.80982e-06,0.00115133,5.49916e-08,1
122,1.97682e-06,1.77453e-06,0.00115134,5.40802e-08,1
123,1.91888e-06,1.73874e-06,0.00115135,5.31421e-08,1
124,1.86201e-06,1.70254e-06,0.00115136,5.21805e-08,1
125,1.80625e-06,1.66606e-06,0.00115137,5.11989e-08,1
126,1.75163e-06,1.62937e-06,0.00115138,5.02005e-08,1
127,1.6982e-06,1.59257e-06,0.00115138,4.91883e-08,1
128,1.64597e-06,1.55575e-06,0.00115139,4.81653e-08,1
129,1.59496e-06,1.51897e-06,0.0011514,4.71343e-08,1
130,1.54518e-06,1.48231e-06,0.00115141,4.60978e-08,1
131,1.49663e-06,1.44584e-06,0.00115142,4.50583e-08,1
132,1.44932e-06,1.40962e-06,0.00115142,4.40182e-08,1
133,1.40324e-06,1.37369e-06,0.00115143,4.29795e-08,1
134,1.35838e-06,1.33811e-06,0.00115144,4.19442e-08,1
135,1.31474e-06,1.30293e-06,0.00115145,4.09142e-08,1
136,1.2723e-06,1.26818e-06,0.00115145,3.9891e-08,1
137,1.23106e-06,1.2339e-06,0.00115146,3.88763e-08,1
138,1.19099e-06,1.20012e-06,0.00115147,3.78714e-08,1
139,1.15207e-06,1.16687e-06,0.00115147,3.68776e-08,1
140,1.11429e-06,1.13418e-06,0.00115148,3.5896e-08,1
141,1.07762e-06,1.10206e-06,0.00115148,3.49276e-08,1
142,1.04205e-06,1.07054e-06,0.00115149,3.39732e-08,1
143,1.00755e-06,1.03962e-06,0.0011515,3.30338e-08,1
144,9.74104e-07,1.00932e-06,0.0011515,3.21099e-08,1
145,9.41681e-07,9.79657e-07,0.00115151,3.12023e-08,1
146,9.1026e-07,9.50627e-07,0.00115151,3.03112e-08,1
147,8.79817e-07,9.2224e-07,0.00115152,2.94373e-08,1
148,8.50329e-07,8.94498e-07,0.00115152,2.85808e-08,1
149,8.21771e-07,8.67404e-07,0.00115153,2.77421e-08,1
150,7.94119e-07,8.40956e-07,0.00115153,2.69212e-08,1
151,7.67349e-07,8.15154e-07,0.00115154,2.61185e-08,1
152,7.41438e-07,7.89995e-07,0.00115154,2.5334e-08,1
153,7.16361e-07,7.65475e-07,0.00115154,2.45677e-08,1
154,6.92097e-07,7.41588e-07,0.00115155,2.38196e-08,1
155,6.6862e-07,7.18327e-07,0.00115155,2.30897e-08,1
156,6.4591e-07,6.95687e-07,0.00115156,2.23779e-08,1
157,6.23943e-07,6.73659e-07,0.00115156,2.16842e-08,1
158,6.02699e-07,6.52235e-07,0.00115156,2.10083e-08,1
159,5.82154e-07,6.31405e-07,0.00115157,2.03501e-08,1
160,5.62289e-07,6.11161e-07,0.00115157,1.97094e-08,1
161,5.43083e-07,5.91491e-07,0.00115157,1.9086e-08,1
162,5.24515e-07,5.72385e-07,0.00115158,1.84796e-08,1
163,5.06566e-07,5.53833e-07,0.00115158,1.789e-08,1
164,4.89216e-07,5.35823e-07,0.00115158,1.73169e-08,1
165,4.72448e-07,5.18345e-07,0.00115159,1.67601e-08,1
166,4.56242e-07,5.01387e-07,0.00115159,1.62191e-08,1
167,4.40581e-07,4.84937e-07,0.00115159,1.56939e-08,1
168,4.25448e-07,4.68984e-07,0.00115159,1.5184e-08,1
169,4.10825e-07,4.53516e-07,0.0011516,1.4689e-08,1
170,3.96696e-07,4.38522e-07,0.0011516,1.42088e-08,1
171,3.83045e-07,4.23989e-07,0.0011516,1.3743e-08,1
172,3.69857e-07,4.09907e-07,0.0011516,1.32912e-08,1
173,3.57117e-07,3.96264e-07,0.00115161,1.28531e-08,1
174,3.4481e-07,3.83048e-07,0.00115161,1.24284e-08,1
175,3.32921e-07,3.70249e-07,0.00115161,1.20168e-08,1
176,3.21438e-07,3.57854e-07,0.00115161,1.16179e-08,1
177,3.10346e-07,3.45854e-07,0.00115161,1.12314e-08,1
178,2.99632e-07,3.34236e-07,0.00115162,1.0857e-08,1
179,2.89285e-07,3.22991e-07,0.00115162,1.04944e-08,1
180,2.79292e-07,3.12108e-07,0.00115162,1.01433e-08,1
181,2.6964e-07,3.01576e-07,0.00115162,9.80326e-09,1
182,2.6032e-07,2.91385e-07,0.00115162,9.4741e-09,1
183,2.51319e-07,2.81526e-07,0.00115162,9.15548e-09,1
184,2.42626e-07,2.71989e-07,0.00115163,8.84711e-09,1
185,2.34233e-07,2.62763e-07,0.00115163,8.54869e-09,1
186,2.26127e-07,2.53841e-07,0.00115163,8.25992e-09,1
187,2.183e-07,2.45212e-07,0.00115163,7.98055e-09,1
188,2.10743e-07,2.36867e-07,0.00115163,7.71027e-09,1
189,2.03445e-07,2.28799e-07,0.00115163,7.44884e-09,1
190,1.96399e-07,2.20998e-07,0.00115163,7.19598e-09,1
191,1.89595e-07,2.13456e-07,0.00115164,6.95143e-09,1
192,1.83026e-07,2.06165e-07,0.00115164,6.71494e-09,1
193,1.76684e-07,1.99118e-07,0.00115164,6.48627e-09,1
194,1.7056e-07,1.92306e-07,0.00115164,6.26518e-09,1
195,1.64648e-07,1.85722e-07,0.00115164,6.05142e-09,1
196,1.58939e-07,1.79359e-07,0.00115164,5.84478e-09,1
197,1.53428e-07,1.7321e-07,0.00115164,5.64503e-09,1
198,1.48107e-07,1.67268e-07,0.00115164,5.45196e-09,1
199,1.4297e-07,1.61526e-07,0.00115164,5.26534e-09,1
200,1.38011e-07,1.55978e-07,0.00115165,5.08499e-09,1
201,1.33223e-07,1.50618e-07,0.00115165,4.91069e-09,1
202,1.28601e-07,1.45439e-07,0.00115165,4.74226e-09,1
203,1.24139e-07,1.40435e-07,0.00115165,4.5795e-09,1
204,1.19831e-07,1.35602e-07,0.00115165,4.42223e-09,1
205,1.15672e-07,1.30932e-07,0.00115165,4.27028e-09,1
206,1.11657e-07,1.26421e-07,0.00115165,4.12347e-09,1
207,1.07781e-07,1.22064e-07,0.00115165,3.98163e-09,1
208,1.04039e-07,1.17856e-07,0.00115165,3.8446e-09,1
209,1.00427e-07,1.1379e-07,0.00115165,3.71223e-09,1
210,9.69405e-08,1.09864e-07,0.00115165,3.58435e-09,1
211,9.35745e-08,1.06072e-07,0.00115165,3.46083e-09,1
212,9.03251e-08,1.02409e-07,0.00115165,3.34152e-09,1
213,8.71883e-08,9.88719e-08,0.00115165,3.22627e-09,1
214,8.41603e-08,9.54558e-08,0.00115165,3.11496e-09,1
215,8.12373e-08,9.21567e-08,0.00115166,3.00745e-09,1
216,7.84156e-08,8.89708e-08,0.00115166,2.90361e-09,1
217,7.56918e-08,8.58942e-08,0.00115166,2.80333e-09,1
218,7.30625e-08,8.29232e-08,0.00115166,2.70648e-09,1
219,7.05244e-08,8.00543e-08,0.00115166,2.61295e-09,1
220,6.80744e-08,7.7284e-08,0.00115166,2.52263e-09,1
221,6.57093e-08,7.4609e-08,0.00115166,2.4354e-09,1
222,6.34264e-08,7.2026e-08,0.00115166,2.35117e-09,1
223,6.12226e-08,6.9532e-08,0.00115166,2.26983e-09,1
224,5.90954e-08,6.71238e-08,0.00115166,2.19129e-09,1
225,5.70419e-08,6.47986e-08,0.00115166,2.11545e-09,1
226,5.50598e-08,6.25536e-08,0.00115166,2.04221e-09,1
227,5.31465e-08,6.0386e-08,0.00115166,1.9715e-09,1
228,5.12996e-08,5.82932e-08,0.00115166,1.90323e-09,1
229,4.95168e-08,5.62726e-08,0.00115166,1.8373e-09,1
230,4.77959e-08,5.43217e-08,0.00115166,1.77365e-09,1
231,4.61348e-08,5.24382e-08,0.00115166,1.71219e-09,1
232,4.45314e-08,5.06198e-08,0.00115166,1.65285e-09,1
233,4.29837e-08,4.88643e-08,0.00115166,1.59556e-09,1
234,4.14897e-08,4.71694e-08,0.00115166,1.54025e-09,1
235,4.00476e-08,4.55331e-08,0.00115166,1.48685e-09,1
236,3.86556e-08,4.39533e-08,0.00115166,1.43529e-09,1
237,3.7312e-08,4.24283e-08,0.00115166,1.38551e-09,1
238,3.6015e-08,4.0956e-08,0.00115166,1.33746e-09,1
239,3.47631e-08,3.95346e-08,0.00115166,1.29106e-09,1
240,3.35547e-08,3.81625e-08,0.00115166,1.24627e-09,1
241,3.23882e-08,3.68379e-08,0.00115166,1.20303e-09,1
242,3.12623e-08,3.55591e-08,0.00115166,1.16129e-09,1
243,3.01755e-08,3.43246e-08,0.00115166,1.12099e-09,1
244,2.91265e-08,3.31329e-08,0.00115166,1.08208e-09,1
245,2.8114e-08,3.19825e-08,0.00115166,1.04452e-09,1
246,2.71366e-08,3.08719e-08,0.00115166,1.00826e-09,1
247,2.61932e-08,2.97999e-08,0.00115167,9.73262e-10,1
248,2.52825e-08,2.8765e-08,0.00115167,9.39472e-10,1
249,2.44035e-08,2.7766e-08,0.00115167,9.06853e-10,1
250,2.35551e-08,2.68016e-08,0.00115167,8.75365e-10,1
251,2.27362e-08,2.58706e-08,0.00115167,8.44967e-10,1
252,2.19457e-08,2.4972e-08,0.00115167,8.15623e-10,1
253,2.11827e-08,2.41045e-08,0.00115167,7.87297e-10,1
254,2.04462e-08,2.32671e-08,0.00115167,7.59953e-10,1
255,1.97353e-08,2.24588e-08,0.00115167,7.33556e-10,1
256,1.90491e-08,2.16785e-08,0.00115167,7.08076e-10,1
257,1.83868e-08,2.09253e-08,0.00115167,6.83479e-10,1
258,1.77475e-08,2.01982e-08,0.00115167,6.59735e-10,1
259,1.71304e-08,1.94964e-08,0.00115167,6.36816e-10,1
260,1.65348e-08,1.88189e-08,0.00115167,6.14691e-10,1
261,1.59598e-08,1.8165e-08,0.00115167,5.93334e-10,1
262,1.54049e-08,1.75337e-08,0.00115167,5.72719e-10,1
263,1.48692e-08,1.69244e-08,0.00115167,5.52818e-10,1
264,1.43522e-08,1.63362e-08,0.00115167,5.33609e-10,1
265,1.38532e-08,1.57685e-08,0.00115167,5.15066e-10,1
