"Time","Infected","Quarantined","Deceased","Hospitalized","Output"
1,0.000131424,0.000615529,0.000104491,1.15908e-05,0
2,0.000127314,0.00061989,0.000106502,1.12492e-05,0
3,0.000151588,0.000623843,0.000108452,1.09216e-05,0
4,0.000180344,0.000628024,0.000110343,1.07517e-05,0
5,0.000214527,0.00063265,0.000112204,1.07468e-05,0
6,0.00025516,0.000637964,0.000114064,1.09183e-05,0
7,0.00030346,0.000644234,0.000115955,1.12818e-05,0
8,0.000360869,0.000651765,0.00011791,1.18576e-05,0
9,0.000429105,0.000660906,0.000119969,1.26714e-05,0
10,0.000510203,0.000672059,0.000122174,1.37552e-05,0
11,0.000606583,0.000685689,0.000124574,1.51482e-05,0
12,0.000721095,0.00070234,0.000127228,1.68981e-05,0
13,0.00085716,0.00072265,0.000130202,1.90624e-05,0
14,0.00101882,0.000747365,0.000133576,2.17103e-05,0
15,0.00121086,0.000777367,0.000137446,2.49246e-05,0
16,0.00143896,0.000813695,0.000141928,2.88042e-05,0
17,0.00170986,0.000857576,0.000147159,3.34666e-05,0
18,0.00165413,0.00091046,0.000153312,3.90513e-05,0
19,0.00160072,0.000965816,0.000160594,4.37927e-05,0
20,0.00154903,0.00102301,0.000168859,4.77869e-05,0
21,0.00149902,0.00108147,0.000177967,5.11181e-05,0
22,0.00145062,0.00114071,0.000187792,5.38622e-05,0
23,0.00140378,0.00120031,0.000198213,5.60875e-05,0
24,0.00135847,0.00125987,0.000209124,5.78552e-05,0
25,0.00131463,0.0013191,0.000220428,5.92204e-05,0
26,0.00127221,0.0013777,0.000232037,6.0232e-05,0
27,0.00123118,0.00143544,0.000243872,6.0934e-05,0
28,0.00119149,0.00149213,0.000255866,6.13655e-05,0
29,0.00115306,0.0015476,0.000267957,6.15613e-05,0
30,0.00111587,0.0016017,0.000280093,6.15522e-05,0
31,0.00107988,0.00165432,0.000292226,6.13656e-05,0
32,0.00104506,0.00170536,0.000304318,6.10259e-05,0
33,0.00101138,0.00175476,0.000316332,6.05547e-05,0
34,0.000978789,0.00180246,0.000328241,5.99711e-05,0
35,0.000947263,0.00184841,0.000340018,5.92921e-05,0
36,0.000916768,0.00189258,0.000351642,5.85327e-05,0
37,0.000887273,0.00193496,0.000363097,5.7706e-05,0
38,0.000858746,0.00197554,0.000374367,5.68237e-05,0
39,0.00083116,0.00201431,0.000385442,5.58962e-05,0
40,0.000804485,0.00205129,0.00039631,5.49324e-05,0
41,0.000778694,0.00208648,0.000406967,5.39402e-05,0
42,0.000753761,0.00211991,0.000417406,5.29268e-05,0
43,0.000729662,0.00215161,0.000427623,5.18981e-05,0
44,0.000706371,0.00218159,0.000437616,5.08597e-05,0
45,0.000683702,0.00220989,0.000447385,4.9816e-05,0
46,0.000661688,0.00223654,0.000456928,4.87704e-05,0
47,0.000640375,0.00226158,0.000466247,4.7726e-05,0
48,0.00061974,0.00228503,0.000475343,4.66858e-05,0
49,0.000599763,0.00230694,0.000484217,4.56523e-05,0
50,0.000580423,0.00232734,0.000492873,4.46278e-05,0
51,0.0005617,0.00234628,0.000501313,4.36143e-05,0
52,0.000543576,0.00236379,0.00050954,4.26132e-05,0
53,0.000526031,0.00237991,0.000517559,4.1626e-05,0
54,0.000509049,0.00239469,0.000525372,4.06538e-05,0
55,0.000492613,0.00240816,0.000532984,3.96976e-05,0
56,0.000476707,0.00242036,0.000540398,3.87582e-05,0
57,0.000461313,0.00243134,0.000547621,3.78362e-05,0
58,0.000446418,0.00244114,0.000554655,3.6932e-05,0
59,0.000432006,0.00244979,0.000561505,3.60462e-05,0
60,0.000418047,0.00245733,0.000568175,3.51788e-05,0
61,0.000404538,0.0024638,0.000574671,3.43302e-05,0
62,0.000391464,0.00246923,0.000580996,3.35003e-05,0
63,0.000378813,0.00247367,0.000587155,3.26891e-05,0
64,0.000366572,0.00247716,0.000593152,3.18968e-05,0
65,0.000354729,0.00247971,0.000598993,3.11231e-05,0
66,0.000343272,0.00248138,0.00060468,3.03679e-05,0
67,0.000332192,0.00248219,0.000610218,2.96311e-05,0
68,0.000321477,0.00248217,0.000615611,2.89126e-05,0
69,0.000311118,0.00248137,0.000620864,2.8212e-05,0
70,0.000301107,0.0024798,0.00062598,2.75293e-05,0
71,0.000291436,0.0024775,0.000630964,2.6864e-05,0
72,0.000282038,0.00247451,0.000635819,2.62161e-05,0
73,0.000272941,0.00247084,0.000640548,2.5585e-05,0
74,0.000264136,0.00246653,0.000645156,2.49702e-05,0
75,0.00025562,0.0024616,0.000649646,2.43716e-05,0
76,0.00024738,0.00245609,0.000654022,2.37887e-05,0
77,0.000239408,0.00245,0.000658286,2.32212e-05,0
78,0.000231697,0.00244338,0.000662442,2.26688e-05,0
79,0.000224239,0.00243624,0.000666494,2.21312e-05,0
80,0.000217027,0.00242861,0.000670443,2.16079e-05,0
81,0.000210055,0.0024205,0.000674295,2.10988e-05,0
82,0.000203316,0.00241195,0.00067805,2.06034e-05,0
83,0.000196806,0.00240297,0.000681712,2.01215e-05,0
84,0.000190518,0.00239358,0.000685284,1.96528e-05,0
85,0.00018445,0.00238381,0.000688768,1.91969e-05,0
86,0.000178596,0.00237367,0.000692168,1.87536e-05,0
87,0.000172956,0.00236318,0.000695485,1.83226e-05,0
88,0.000167449,0.00235236,0.000698722,1.79038e-05,0
89,0.000162121,0.00234123,0.000701882,1.74963e-05,0
90,0.000156965,0.0023298,0.000704966,1.71001e-05,0
91,0.000151979,0.00231809,0.000707977,1.67146e-05,0
92,0.000147155,0.00230612,0.000710917,1.63397e-05,0
93,0.000142494,0.00229389,0.000713789,1.5975e-05,0
94,0.000137989,0.00228143,0.000716593,1.56203e-05,0
95,0.000133626,0.00226875,0.000719333,1.52753e-05,0
96,0.000129409,0.00225586,0.000722009,1.49398e-05,0
97,0.000125325,0.00224277,0.000724625,1.46134e-05,0
98,0.000121375,0.0022295,0.000727181,1.42958e-05,0
99,0.000117557,0.00221606,0.000729679,1.39869e-05,0
100,0.000139902,0.00220246,0.000732122,1.36864e-05,0
101,0.000166587,0.00218928,0.00073451,1.35272e-05,0
102,0.000198297,0.00217672,0.000736869,1.35176e-05,0
103,0.000235972,0.002165,0.000739226,1.36684e-05,0
104,0.000280741,0.00215437,0.000741611,1.39944e-05,0
105,0.000333938,0.00214509,0.000744055,1.45146e-05,0
106,0.000397146,0.0021375,0.000746593,1.52529e-05,0
107,0.000472246,0.00213195,0.000749265,1.62392e-05,0
108,0.000561353,0.00212888,0.000752118,1.75098e-05,0
109,0.000667044,0.00212877,0.000755205,1.91084e-05,0
110,0.000792515,0.00213222,0.000758588,2.10874e-05,0
111,0.000941453,0.00213991,0.000762341,2.35102e-05,0
112,0.00111822,0.00215264,0.000766553,2.64529e-05,0
113,0.00132799,0.00217135,0.000771328,3.00058e-05,0
114,0.00157688,0.00219719,0.000776795,3.42764e-05,0
115,0.00152526,0.00223146,0.000783109,3.93921e-05,0
116,0.00147512,0.00226815,0.000790461,4.3729e-05,0
117,0.00142658,0.00230667,0.000798713,4.73728e-05,0
118,0.00137963,0.00234648,0.000807733,5.04018e-05,0
119,0.00133422,0.00238714,0.000817403,5.28865e-05,0
120,0.0012903,0.00242823,0.000827611,5.48908e-05,0
121,0.00124783,0.00246941,0.000838258,5.64715e-05,0
122,0.00120676,0.00251039,0.000849255,5.76798e-05,0
123,0.00116704,0.00255092,0.000860519,5.85612e-05,0
124,0.00112856,0.00259076,0.00087198,5.91566e-05,0
125,0.00109135,0.00262974,0.000883574,5.95018e-05,0
126,0.00105535,0.0026677,0.000895246,5.96292e-05,0
127,0.00102052,0.0027045,0.000906946,5.95674e-05,0
128,0.000986843,0.00274005,0.000918633,5.93419e-05,0
129,0.000954267,0.00277426,0.000930268,5.89754e-05,0
130,0.000922759,0.00280705,0.000941822,5.84879e-05,0
131,0.000892286,0.00283837,0.000953267,5.78971e-05,0
132,0.000862814,0.00286819,0.000964579,5.72188e-05,0
133,0.000834311,0.00289647,0.000975741,5.64668e-05,0
134,0.000806745,0.0029232,0.000986737,5.56534e-05,0
135,0.000780087,0.00294838,0.000997552,5.47892e-05,0
136,0.000754306,0.00297199,0.00100818,5.38839e-05,0
137,0.000729377,0.00299405,0.0010186,5.29458e-05,0
138,0.00070527,0.00301456,0.00102882,5.19822e-05,0
139,0.00068196,0.00303355,0.00103884,5.09995e-05,0
140,0.00065942,0.00305104,0.00104864,5.00034e-05,0
141,0.000637627,0.00306705,0.00105822,4.89987e-05,0
142,0.000616556,0.00308161,0.00106759,4.79898e-05,0
143,0.000596185,0.00309475,0.00107674,4.69804e-05,0
144,0.000576491,0.0031065,0.00108568,4.59737e-05,0
145,0.000557453,0.00311689,0.0010944,4.49725e-05,0
146,0.00053905,0.00312596,0.00110291,4.39791e-05,0
147,0.000521263,0.00313375,0.00111122,4.29957e-05,0
148,0.000504071,0.0031403,0.00111931,4.2024e-05,0
149,0.000487458,0.00314563,0.00112721,4.10655e-05,0
150,0.000471406,0.00314979,0.00113491,4.01214e-05,0
151,0.000455894,0.00315282,0.00114241,3.91928e-05,0
152,0.000440909,0.00315475,0.00114972,3.82805e-05,0
153,0.000426418,0.00315562,0.00115684,3.73852e-05,0
154,0.000412417,0.00315547,0.00116379,3.65075e-05,0
155,0.00039889,0.00315434,0.00117055,3.56477e-05,0
156,0.000385823,0.00315225,0.00117714,3.48061e-05,0
157,0.000373198,0.00314926,0.00118356,3.3983e-05,0
158,0.000361005,0.00314538,0.00118982,3.31785e-05,0
159,0.000349232,0.00314066,0.00119591,3.23926e-05,0
160,0.000337855,0.00313513,0.00120185,3.16253e-05,0
161,0.000326869,0.00312883,0.00120764,3.08766e-05,0
162,0.000316264,0.00312178,0.00121327,3.01463e-05,0
163,0.000306027,0.00311402,0.00121877,2.94343e-05,0
164,0.000296,0.00310557,0.00122412,2.87404e-05,0
165,0.000286298,0.00309648,0.00122934,2.80637e-05,0
166,0.000276908,0.00308675,0.00123443,2.74039e-05,0
167,0.000267823,0.00307643,0.00123939,2.67607e-05,0
168,0.000259031,0.00306553,0.00124422,2.61338e-05,0
169,0.000250528,0.00305409,0.00124894,2.55229e-05,0
170,0.000242301,0.00304213,0.00125353,2.49277e-05,0
171,0.000234342,0.00302968,0.00125802,2.43479e-05,0
172,0.000226645,0.00301675,0.00126239,2.37831e-05,0
173,0.0002192,0.00300337,0.00126665,2.32331e-05,0
174,0.000212,0.00298957,0.00127081,2.26975e-05,0
175,0.000205038,0.00297536,0.00127487,2.2176e-05,0
176,0.000198305,0.00296076,0.00127882,2.16683e-05,0
177,0.000191797,0.00294581,0.00128269,2.1174e-05,0
178,0.000185505,0.00293051,0.00128646,2.06929e-05,0
179,0.000179425,0.00291489,0.00129014,2.02247e-05,0
180,0.00017355,0.00289896,0.00129373,1.97689e-05,0
181,0.000167874,0.00288274,0.00129723,1.93254e-05,0
182,0.000162393,0.00286626,0.00130066,1.88939e-05,0
183,0.000157102,0.00284952,0.001304,1.8474e-05,0
184,0.000151997,0.00283254,0.00130726,1.80655e-05,0
185,0.000147041,0.00281534,0.00131045,1.76681e-05,0
186,0.00014225,0.00279793,0.00131357,1.72814e-05,0
187,0.000137619,0.00278033,0.00131661,1.69052e-05,0
188,0.000133143,0.00276256,0.00131959,1.65391e-05,0
189,0.000128819,0.00274461,0.0013225,1.61829e-05,0
190,0.000124643,0.00272652,0.00132534,1.58363e-05,0
191,0.000120608,0.00270828,0.00132812,1.54991e-05,0
192,0.000116714,0.00268992,0.00133084,1.51709e-05,0
193,0.000112951,0.00267145,0.00133349,1.48517e-05,0
194,0.000109319,0.00265286,0.00133609,1.4541e-05,0
195,0.000105799,0.00263419,0.00133864,1.42388e-05,0
196,0.0001024,0.00261543,0.00134112,1.39446e-05,0
197,0.000121635,0.00259659,0.00134356,1.36584e-05,0
198,0.000144635,0.00257819,0.00134594,1.3495e-05,0
199,0.000171929,0.00256038,0.0013483,1.34616e-05,0
200,0.000204317,0.00254337,0.00135064,1.35673e-05,0
201,0.000242751,0.00252735,0.00135301,1.38244e-05,0
202,0.000288355,0.00251256,0.00135542,1.4249e-05,0
203,0.000342466,0.00249928,0.00135791,1.48612e-05,0
204,0.000406438,0.00248782,0.00136051,1.56862e-05,0
205,0.000482208,0.00247854,0.00136327,1.67536e-05,0
206,0.000572051,0.00247186,0.00136621,1.80997e-05,0
207,0.000678566,0.00246827,0.00136941,1.97691e-05,0
208,0.00080461,0.00246834,0.00137291,2.18152e-05,0
209,0.000953816,0.00247276,0.0013768,2.43004e-05,0
210,0.00113056,0.00248231,0.00138117,2.72997e-05,0
211,0.0013399,0.00249793,0.00138611,3.09024e-05,0
212,0.00158781,0.00252074,0.00139175,3.52146e-05,0
213,0.00153433,0.00255203,0.00139825,4.03617e-05,0
214,0.00148264,0.00258577,0.0014058,4.47161e-05,0
215,0.00143267,0.00262134,0.00141426,4.83666e-05,0
216,0.00138438,0.00265822,0.00142349,5.13933e-05,0
217,0.0013377,0.00269595,0.00143338,5.38682e-05,0
218,0.00129259,0.00273411,0.0014438,5.58563e-05,0
219,0.00124898,0.00277237,0.00145466,5.74156e-05,0
220,0.00120684,0.00281041,0.00146587,5.85981e-05,0
221,0.00116612,0.00284799,0.00147734,5.94502e-05,0
222,0.00112676,0.00288488,0.001489,6.00134e-05,0
223,0.00108872,0.0029209,0.00150078,6.03245e-05,0
224,0.00105195,0.00295589,0.00151264,6.04165e-05,0
225,0.00101641,0.00298972,0.00152452,6.03185e-05,0
226,0.000982065,0.00302228,0.00153637,6.00562e-05,0
227,0.000948873,0.00305349,0.00154817,5.96527e-05,0
228,0.000916795,0.00308329,0.00155987,5.91283e-05,0
229,0.000885794,0.00311161,0.00157146,5.85009e-05,0
230,0.000855836,0.00313842,0.00158291,5.77865e-05,0
231,0.000826885,0.0031637,0.0015942,5.6999e-05,0
232,0.000798908,0.00318742,0.00160531,5.61508e-05,0
233,0.000771873,0.00320959,0.00161624,5.52529e-05,0
234,0.000745751,0.00323019,0.00162696,5.43147e-05,0
235,0.00072051,0.00324925,0.00163748,5.33448e-05,0
236,0.000696121,0.00326677,0.00164779,5.23505e-05,0
237,0.000672554,0.00328277,0.00165788,5.13382e-05,0
238,0.000649783,0.00329728,0.00166776,5.03136e-05,0
239,0.000627782,0.00331032,0.00167741,4.92816e-05,0
240,0.000606526,0.00332191,0.00168683,4.82465e-05,0
241,0.00058599,0.0033321,0.00169604,4.7212e-05,0
242,0.000566151,0.00334091,0.00170503,4.61813e-05,0
243,0.000546987,0.00334838,0.0017138,4.51572e-05,0
244,0.000528475,0.00335454,0.00172235,4.41421e-05,0
245,0.000510595,0.00335944,0.00173068,4.3138e-05,0
246,0.000493313,0.00336311,0.00173881,4.21466e-05,0
247,0.000476617,0.00336559,0.00174673,4.11693e-05,0
248,0.000460492,0.00336691,0.00175445,4.02074e-05,0
249,0.000444918,0.00336712,0.00176197,3.92617e-05,0
250,0.000429876,0.00336625,0.0017693,3.83332e-05,0
251,0.00041535,0.00336434,0.00177643,3.74225e-05,0
252,0.000401325,0.00336144,0.00178338,3.65302e-05,0
253,0.000387785,0.00335756,0.00179015,3.56565e-05,0
254,0.000374715,0.00335277,0.00179674,3.48018e-05,0
255,0.000362104,0.00334708,0.00180316,3.39662e-05,0
256,0.000349938,0.00334054,0.00180941,3.315e-05,0
257,0.000338207,0.00333317,0.0018155,3.23532e-05,0
258,0.000326899,0.00332503,0.00182143,3.15758e-05,0
259,0.000315957,0.00331613,0.00182721,3.08177e-05,0
260,0.000305365,0.00330651,0.00183284,3.00786e-05,0
261,0.000295134,0.0032962,0.00183832,2.93583e-05,0
262,0.000285254,0.00328524,0.00184366,2.86563e-05,0
263,0.000275713,0.00327365,0.00184886,2.79726e-05,0
264,0.0002665,0.00326147,0.00185393,2.73067e-05,0
265,0.000257605,0.00324871,0.00185887,2.66584e-05,0
