"Time","Infected","Quarantined","Deceased","Hospitalized","Output"
1,4.63945e-05,0.000248726,4.44153e-05,9.41605e-06,1
2,4.39141e-05,0.000244006,4.60391e-05,9.18177e-06,1
3,4.11448e-05,0.000239303,4.76215e-05,8.95437e-06,1
4,3.86452e-05,0.000234608,4.91637e-05,8.73258e-06,1
5,3.63006e-05,0.000229931,5.06668e-05,8.5164e-06,1
6,3.41013e-05,0.000225279,5.21318e-05,8.30562e-06,1
7,3.20381e-05,0.000220657,5.35598e-05,8.10005e-06,1
8,3.01025e-05,0.000216072,5.49516e-05,7.89952e-06,1
9,2.82865e-05,0.000211527,5.63082e-05,7.70385e-06,1
10,2.65826e-05,0.000207026,5.76305e-05,7.51291e-06,1
11,2.49837e-05,0.000202575,5.89193e-05,7.32655e-06,1
12,2.34833e-05,0.000198175,6.01756e-05,7.14465e-06,1
13,2.20751e-05,0.000193829,6.14e-05,6.96707e-06,1
14,2.07535e-05,0.000189541,6.25934e-05,6.79371e-06,1
15,1.95131e-05,0.000185313,6.37565e-05,6.62446e-06,1
16,1.83487e-05,0.000181145,6.48902e-05,6.45922e-06,1
17,1.72556e-05,0.000177041,6.5995e-05,6.29788e-06,1
18,1.62293e-05,0.000173001,6.70718e-05,6.14036e-06,1
19,1.52658e-05,0.000169027,6.81212e-05,5.98656e-06,1
20,1.43611e-05,0.000165119,6.91439e-05,5.8364e-06,1
21,1.35115e-05,0.000161278,7.01405e-05,5.68979e-06,1
22,1.27136e-05,0.000157505,7.11117e-05,5.54666e-06,1
23,1.19642e-05,0.0001538,7.20581e-05,5.40693e-06,1
24,1.12603e-05,0.000150163,7.29803e-05,5.27052e-06,1
25,1.05991e-05,0.000146594,7.38788e-05,5.13737e-06,1
26,9.97783e-06,0.000143094,7.47544e-05,5.00739e-06,1
27,9.39416e-06,0.000139663,7.56075e-05,4.88052e-06,1
28,8.84572e-06,0.000136299,7.64386e-05,4.75669e-06,1
29,8.33033e-06,0.000133003,7.72485e-05,4.63584e-06,1
30,7.84594e-06,0.000129773,7.80374e-05,4.51789e-06,1
31,7.39066e-06,0.000126611,7.88061e-05,4.4028e-06,1
32,6.96269e-06,0.000123515,7.95549e-05,4.29049e-06,1
33,6.56035e-06,0.000120484,8.02844e-05,4.1809e-06,1
34,6.18206e-06,0.000117518,8.09951e-05,4.07398e-06,1
35,5.82636e-06,0.000114616,8.16873e-05,3.96967e-06,1
36,5.49185e-06,0.000111778,8.23617e-05,3.8679e-06,1
37,5.17725e-06,0.000109001,8.30186e-05,3.76863e-06,1
38,4.88133e-06,0.000106287,8.36584e-05,3.67179e-06,1
39,4.60295e-06,0.000103633,8.42816e-05,3.57734e-06,1
40,4.34104e-06,0.000101039,8.48887e-05,3.48521e-06,1
41,4.09461e-06,9.85039e-05,8.54799e-05,3.39536e-06,1
42,3.86271e-06,9.60267e-05,8.60558e-05,3.30774e-06,1
43,3.64446e-06,9.36065e-05,8.66167e-05,3.22229e-06,1
44,3.43902e-06,9.12424e-05,8.71629e-05,3.13897e-06,1
45,3.24564e-06,8.89333e-05,8.76949e-05,3.05772e-06,1
46,3.06358e-06,8.66784e-05,8.8213e-05,2.9785e-06,1
47,2.89215e-06,8.44765e-05,8.87176e-05,2.90127e-06,1
48,2.73073e-06,8.23267e-05,8.9209e-05,2.82597e-06,1
49,2.57869e-06,8.0228e-05,8.96875e-05,2.75256e-06,1
50,2.43546e-06,7.81795e-05,9.01536e-05,2.681e-06,1
51,2.30109e-06,7.61801e-05,9.06074e-05,2.61125e-06,1
52,2.17447e-06,7.42289e-05,9.10493e-05,2.54326e-06,1
53,2.05513e-06,7.23249e-05,9.14796e-05,2.47698e-06,1
54,1.94264e-06,7.04671e-05,9.18986e-05,2.41239e-06,1
55,1.83658e-06,6.86547e-05,9.23067e-05,2.34944e-06,1
56,1.73659e-06,6.68865e-05,9.2704e-05,2.28809e-06,1
57,1.64229e-06,6.51618e-05,9.30909e-05,2.2283e-06,1
58,1.55336e-06,6.34795e-05,9.34676e-05,2.17004e-06,1
59,1.46947e-06,6.18388e-05,9.38343e-05,2.11326e-06,1
60,1.39033e-06,6.02387e-05,9.41915e-05,2.05793e-06,1
61,1.31565e-06,5.86783e-05,9.45392e-05,2.00403e-06,1
62,1.24518e-06,5.71568e-05,9.48778e-05,1.9515e-06,1
63,1.17867e-06,5.56732e-05,9.52074e-05,1.90032e-06,1
64,1.11588e-06,5.42268e-05,9.55284e-05,1.85045e-06,1
65,1.05661e-06,5.28167e-05,9.58409e-05,1.80187e-06,1
66,1.00064e-06,5.14419e-05,9.61451e-05,1.75454e-06,1
67,9.47784e-07,5.01019e-05,9.64414e-05,1.70843e-06,1
68,8.9786e-07,4.87956e-05,9.67298e-05,1.66351e-06,1
69,8.50699e-07,4.75224e-05,9.70105e-05,1.61975e-06,1
70,8.06141e-07,4.62814e-05,9.72839e-05,1.57712e-06,1
71,7.64037e-07,4.5072e-05,9.755e-05,1.5356e-06,1
72,7.24244e-07,4.38933e-05,9.78091e-05,1.49515e-06,1
73,6.86681e-07,4.27446e-05,9.80614e-05,1.45575e-06,1
74,6.51191e-07,4.16253e-05,9.83069e-05,1.41737e-06,1
75,6.17654e-07,4.05345e-05,9.8546e-05,1.37999e-06,1
76,5.85955e-07,3.94717e-05,9.87787e-05,1.34358e-06,1
77,5.55989e-07,3.84361e-05,9.90053e-05,1.30812e-06,1
78,5.27655e-07,3.7427e-05,9.92259e-05,1.27358e-06,1
79,5.0086e-07,3.6444e-05,9.94406e-05,1.23994e-06,1
80,4.75515e-07,3.54862e-05,9.96496e-05,1.20718e-06,1
81,4.51536e-07,3.45531e-05,9.98531e-05,1.17527e-06,1
82,4.28847e-07,3.36441e-05,0.000100051,1.1442e-06,1
83,4.07373e-07,3.27585e-05,0.000100244,1.11394e-06,1
84,3.87045e-07,3.18959e-05,0.000100432,1.08447e-06,1
85,3.678e-07,3.10556e-05,0.000100615,1.05577e-06,1
86,3.49574e-07,3.0237e-05,0.000100792,1.02782e-06,1
87,3.32326e-07,2.94397e-05,0.000100966,1.00061e-06,1
88,3.15993e-07,2.86631e-05,0.000101134,9.7411e-07,1
89,3.00525e-07,2.79067e-05,0.000101298,9.48304e-07,1
90,2.85871e-07,2.71699e-05,0.000101458,9.23175e-07,1
91,2.71987e-07,2.64524e-05,0.000101614,8.98707e-07,1
92,2.58829e-07,2.57535e-05,0.000101765,8.74881e-07,1
93,2.46355e-07,2.50728e-05,0.000101912,8.51682e-07,1
94,2.34528e-07,2.44099e-05,0.000102056,8.29092e-07,1
95,2.23312e-07,2.37644e-05,0.000102195,8.07097e-07,1
96,2.12674e-07,2.31357e-05,0.000102331,7.85681e-07,1
97,2.0258e-07,2.25234e-05,0.000102463,7.64829e-07,1
98,1.93001e-07,2.19272e-05,0.000102592,7.44526e-07,1
99,1.83909e-07,2.13466e-05,0.000102718,7.24758e-07,1
100,1.75278e-07,2.07812e-05,0.00010284,7.05512e-07,1
101,1.67082e-07,2.02306e-05,0.000102958,6.86773e-07,1
102,1.59297e-07,1.96945e-05,0.000103074,6.68528e-07,1
103,1.51902e-07,1.91724e-05,0.000103186,6.50765e-07,1
104,1.44876e-07,1.8664e-05,0.000103296,6.33471e-07,1
105,1.38198e-07,1.81691e-05,0.000103403,6.16634e-07,1
106,1.3185e-07,1.76871e-05,0.000103506,6.00242e-07,1
107,1.25815e-07,1.72178e-05,0.000103607,5.84283e-07,1
108,1.20076e-07,1.67608e-05,0.000103706,5.68746e-07,1
109,1.14618e-07,1.63159e-05,0.000103801,5.53619e-07,1
110,1.09425e-07,1.58827e-05,0.000103895,5.38893e-07,1
111,1.04484e-07,1.5461e-05,0.000103985,5.24556e-07,1
112,9.97813e-08,1.50503e-05,0.000104073,5.10599e-07,1
113,9.53052e-08,1.46505e-05,0.000104159,4.97011e-07,1
114,9.10437e-08,1.42612e-05,0.000104243,4.83784e-07,1
115,8.69857e-08,1.38822e-05,0.000104324,4.70906e-07,1
116,8.31208e-08,1.35132e-05,0.000104404,4.5837e-07,1
117,7.94391e-08,1.31539e-05,0.000104481,4.46166e-07,1
118,7.59312e-08,1.28042e-05,0.000104556,4.34285e-07,1
119,7.25885e-08,1.24637e-05,0.000104629,4.22719e-07,1
120,6.94025e-08,1.21322e-05,0.0001047,4.1146e-07,1
121,6.63653e-08,1.18094e-05,0.000104769,4.005e-07,1
122,6.34695e-08,1.14952e-05,0.000104836,3.8983e-07,1
123,6.0708e-08,1.11893e-05,0.000104902,3.79444e-07,1
124,5.80741e-08,1.08915e-05,0.000104966,3.69333e-07,1
125,5.55616e-08,1.06016e-05,0.000105028,3.59491e-07,1
126,5.31645e-08,1.03194e-05,0.000105088,3.49909e-07,1
127,5.08769e-08,1.00446e-05,0.000105147,3.40583e-07,1
128,4.86937e-08,9.77716e-06,0.000105205,3.31504e-07,1
129,4.66097e-08,9.51677e-06,0.00010526,3.22666e-07,1
130,4.46201e-08,9.2633e-06,0.000105315,3.14063e-07,1
131,4.27203e-08,9.01654e-06,0.000105367,3.05688e-07,1
132,4.09059e-08,8.77633e-06,0.000105419,2.97536e-07,1
133,3.9173e-08,8.54249e-06,0.000105469,2.89601e-07,1
134,3.75175e-08,8.31485e-06,0.000105517,2.81877e-07,1
135,3.59358e-08,8.09326e-06,0.000105565,2.74358e-07,1
136,3.44244e-08,7.87755e-06,0.000105611,2.67039e-07,1
137,3.298e-08,7.66756e-06,0.000105656,2.59915e-07,1
138,3.15993e-08,7.46316e-06,0.0001057,2.5298e-07,1
139,3.02795e-08,7.26418e-06,0.000105742,2.4623e-07,1
140,2.90176e-08,7.07049e-06,0.000105784,2.39659e-07,1
141,2.78109e-08,6.88194e-06,0.000105824,2.33263e-07,1
142,2.66569e-08,6.69841e-06,0.000105863,2.27038e-07,1
143,2.55531e-08,6.51975e-06,0.000105901,2.20978e-07,1
144,2.44973e-08,6.34585e-06,0.000105938,2.15079e-07,1
145,2.34871e-08,6.17656e-06,0.000105974,2.09338e-07,1
146,2.25206e-08,6.01178e-06,0.00010601,2.03749e-07,1
147,2.15957e-08,5.85139e-06,0.000106044,1.98309e-07,1
148,2.07105e-08,5.69525e-06,0.000106077,1.93014e-07,1
149,1.98632e-08,5.54328e-06,0.00010611,1.87861e-07,1
150,1.90521e-08,5.39534e-06,0.000106141,1.82844e-07,1
151,1.82756e-08,5.25135e-06,0.000106172,1.77961e-07,1
152,1.75321e-08,5.11118e-06,0.000106202,1.73208e-07,1
153,1.68201e-08,4.97475e-06,0.000106231,1.68582e-07,1
154,1.61382e-08,4.84195e-06,0.000106259,1.64079e-07,1
155,1.54851e-08,4.71268e-06,0.000106287,1.59696e-07,1
156,1.48596e-08,4.58686e-06,0.000106314,1.5543e-07,1
157,1.42602e-08,4.46439e-06,0.00010634,1.51278e-07,1
158,1.36861e-08,4.34518e-06,0.000106365,1.47236e-07,1
159,1.31359e-08,4.22914e-06,0.00010639,1.43302e-07,1
160,1.26087e-08,4.1162e-06,0.000106414,1.39473e-07,1
161,1.21034e-08,4.00627e-06,0.000106438,1.35747e-07,1
162,1.16191e-08,3.89926e-06,0.00010646,1.32119e-07,1
163,1.11549e-08,3.79511e-06,0.000106483,1.28588e-07,1
164,1.071e-08,3.69373e-06,0.000106504,1.25152e-07,1
165,1.02833e-08,3.59506e-06,0.000106525,1.21807e-07,1
166,9.87432e-09,3.49902e-06,0.000106546,1.18551e-07,1
167,9.48212e-09,3.40553e-06,0.000106566,1.15383e-07,1
168,9.10602e-09,3.31454e-06,0.000106585,1.12298e-07,1
169,8.74534e-09,3.22598e-06,0.000106604,1.09297e-07,1
170,8.3994e-09,3.13977e-06,0.000106622,1.06375e-07,1
171,8.06759e-09,3.05587e-06,0.00010664,1.03531e-07,1
172,7.7493e-09,2.9742e-06,0.000106658,1.00763e-07,1
173,7.44396e-09,2.89472e-06,0.000106675,9.8069e-08,1
174,7.15102e-09,2.81735e-06,0.000106691,9.54469e-08,1
175,6.86995e-09,2.74205e-06,0.000106707,9.28947e-08,1
176,6.60026e-09,2.66875e-06,0.000106723,9.04108e-08,1
177,6.34147e-09,2.59742e-06,0.000106738,8.79931e-08,1
178,6.09312e-09,2.52798e-06,0.000106753,8.564e-08,1
179,5.85477e-09,2.4604e-06,0.000106767,8.33498e-08,1
180,5.626e-09,2.39462e-06,0.000106781,8.11206e-08,1
181,5.40642e-09,2.3306e-06,0.000106795,7.89511e-08,1
182,5.19564e-09,2.26829e-06,0.000106808,7.68394e-08,1
183,4.9933e-09,2.20764e-06,0.000106821,7.47842e-08,1
184,4.79905e-09,2.14861e-06,0.000106833,7.27839e-08,1
185,4.61255e-09,2.09115e-06,0.000106846,7.0837e-08,1
186,4.43348e-09,2.03523e-06,0.000106858,6.89421e-08,1
187,4.26154e-09,1.98081e-06,0.000106869,6.70979e-08,1
188,4.09643e-09,1.92783e-06,0.00010688,6.53029e-08,1
189,3.93788e-09,1.87627e-06,0.000106891,6.35558e-08,1
190,3.78561e-09,1.82609e-06,0.000106902,6.18555e-08,1
191,3.63937e-09,1.77725e-06,0.000106912,6.02006e-08,1
192,3.49892e-09,1.72971e-06,0.000106923,5.85899e-08,1
193,3.36401e-09,1.68345e-06,0.000106932,5.70222e-08,1
194,3.23441e-09,1.63841e-06,0.000106942,5.54965e-08,1
195,3.10993e-09,1.59459e-06,0.000106951,5.40115e-08,1
196,2.99034e-09,1.55193e-06,0.00010696,5.25662e-08,1
197,2.87545e-09,1.51041e-06,0.000106969,5.11596e-08,1
198,2.76507e-09,1.47e-06,0.000106978,4.97905e-08,1
199,2.65902e-09,1.43067e-06,0.000106986,4.84581e-08,1
200,2.55712e-09,1.3924e-06,0.000106994,4.71612e-08,1
201,2.4592e-09,1.35514e-06,0.000107002,4.58991e-08,1
202,2.36511e-09,1.31888e-06,0.00010701,4.46706e-08,1
203,2.2747e-09,1.28359e-06,0.000107017,4.34751e-08,1
204,2.18781e-09,1.24924e-06,0.000107025,4.23115e-08,1
205,2.1043e-09,1.21582e-06,0.000107032,4.1179e-08,1
206,2.02405e-09,1.18328e-06,0.000107039,4.00767e-08,1
207,1.94691e-09,1.15161e-06,0.000107046,3.9004e-08,1
208,1.87277e-09,1.1208e-06,0.000107052,3.79599e-08,1
209,1.8015e-09,1.0908e-06,0.000107058,3.69438e-08,1
210,1.733e-09,1.06161e-06,0.000107065,3.59549e-08,1
211,1.66715e-09,1.03319e-06,0.000107071,3.49923e-08,1
212,1.60384e-09,1.00554e-06,0.000107077,3.40556e-08,1
213,1.54298e-09,9.78627e-07,0.000107082,3.31439e-08,1
214,1.48448e-09,9.52433e-07,0.000107088,3.22566e-08,1
215,1.42823e-09,9.26939e-07,0.000107093,3.1393e-08,1
216,1.37414e-09,9.02127e-07,0.000107099,3.05525e-08,1
217,1.32214e-09,8.77979e-07,0.000107104,2.97345e-08,1
218,1.27215e-09,8.54476e-07,0.000107109,2.89383e-08,1
219,1.22407e-09,8.31602e-07,0.000107114,2.81635e-08,1
220,1.17784e-09,8.0934e-07,0.000107118,2.74094e-08,1
221,1.13338e-09,7.87673e-07,0.000107123,2.66755e-08,1
222,1.09063e-09,7.66586e-07,0.000107127,2.59612e-08,1
223,1.04952e-09,7.46063e-07,0.000107132,2.52661e-08,1
224,1.00998e-09,7.26089e-07,0.000107136,2.45895e-08,1
225,9.71953e-10,7.06649e-07,0.00010714,2.3931e-08,1
226,9.35381e-10,6.87729e-07,0.000107144,2.32902e-08,1
227,9.00205e-10,6.69315e-07,0.000107148,2.26665e-08,1
228,8.66372e-10,6.51394e-07,0.000107152,2.20595e-08,1
229,8.3383e-10,6.33952e-07,0.000107156,2.14687e-08,1
230,8.02528e-10,6.16977e-07,0.000107159,2.08937e-08,1
231,7.72418e-10,6.00457e-07,0.000107163,2.03342e-08,1
232,7.43454e-10,5.84378e-07,0.000107166,1.97896e-08,1
233,7.15592e-10,5.68729e-07,0.000107169,1.92596e-08,1
234,6.88788e-10,5.53499e-07,0.000107173,1.87437e-08,1
235,6.63003e-10,5.38677e-07,0.000107176,1.82417e-08,1
236,6.38196e-10,5.24251e-07,0.000107179,1.77531e-08,1
237,6.14331e-10,5.10212e-07,0.000107182,1.72776e-08,1
238,5.91369e-10,4.96548e-07,0.000107185,1.68148e-08,1
239,5.69278e-10,4.8325e-07,0.000107188,1.63644e-08,1
240,5.48023e-10,4.70307e-07,0.00010719,1.59261e-08,1
241,5.27572e-10,4.57711e-07,0.000107193,1.54995e-08,1
242,5.07894e-10,4.45452e-07,0.000107196,1.50843e-08,1
243,4.88959e-10,4.33522e-07,0.000107198,1.46802e-08,1
244,4.7074e-10,4.2191e-07,0.000107201,1.4287e-08,1
245,4.53208e-10,4.1061e-07,0.000107203,1.39043e-08,1
246,4.36337e-10,3.99612e-07,0.000107205,1.35318e-08,1
247,4.20102e-10,3.88908e-07,0.000107208,1.31693e-08,1
248,4.04479e-10,3.78491e-07,0.00010721,1.28165e-08,1
249,3.89443e-10,3.68352e-07,0.000107212,1.24731e-08,1
250,3.74974e-10,3.58485e-07,0.000107214,1.2139e-08,1
251,3.61049e-10,3.48883e-07,0.000107216,1.18138e-08,1
252,3.47647e-10,3.39537e-07,0.000107218,1.14973e-08,1
253,3.34748e-10,3.30441e-07,0.00010722,1.11892e-08,1
254,3.22333e-10,3.21589e-07,0.000107222,1.08894e-08,1
255,3.10385e-10,3.12974e-07,0.000107224,1.05977e-08,1
256,2.98884e-10,3.0459e-07,0.000107226,1.03138e-08,1
257,2.87815e-10,2.9643e-07,0.000107227,1.00374e-08,1
258,2.7716e-10,2.88489e-07,0.000107229,9.76848e-09,1
259,2.66904e-10,2.8076e-07,0.000107231,9.50675e-09,1
260,2.57031e-10,2.73238e-07,0.000107232,9.25202e-09,1
261,2.47528e-10,2.65918e-07,0.000107234,9.00412e-09,1
262,2.38381e-10,2.58794e-07,0.000107235,8.76286e-09,1
263,2.29575e-10,2.5186e-07,0.000107237,8.52805e-09,1
264,2.21097e-10,2.45112e-07,0.000107238,8.29954e-09,1
265,2.12937e-10,2.38545e-07,0.00010724,8.07715e-09,1
