"Time","Infected","Quarantined","Deceased","Hospitalized","Output"
1,2.49926e-05,0.000317904,4.41675e-05,5.54662e-06,1
2,2.35969e-05,0.000316851,4.51139e-05,5.33113e-06,1
3,2.19011e-05,0.00031559,4.6023e-05,5.12749e-06,1
4,2.03473e-05,0.000314123,4.68968e-05,4.93268e-06,1
5,1.89067e-05,0.000312466,4.7737e-05,4.74657e-06,1
6,1.75709e-05,0.000310636,4.85451e-05,4.56889e-06,1
7,1.63321e-05,0.000308646,4.93226e-05,4.39938e-06,1
8,1.51833e-05,0.00030651,5.00708e-05,4.23773e-06,1
9,1.41179e-05,0.000304242,5.07912e-05,4.08364e-06,1
10,1.31296e-05,0.000301854,5.14852e-05,3.93682e-06,1
11,1.22128e-05,0.000299356,5.21539e-05,3.79695e-06,1
12,1.13632e-05,0.000296761,5.27986e-05,3.66373e-06,1
13,1.05748e-05,0.000294077,5.34205e-05,3.53688e-06,1
14,9.84327e-06,0.000291315,5.40206e-05,3.4161e-06,1
15,9.16433e-06,0.000288483,5.46e-05,3.3011e-06,1
16,8.53416e-06,0.000285589,5.51597e-05,3.19159e-06,1
17,7.94911e-06,0.000282641,5.57007e-05,3.08732e-06,1
18,7.4092e-06,0.000279647,5.62239e-05,2.98802e-06,1
19,6.90772e-06,0.000276612,5.67301e-05,2.89345e-06,1
20,6.44188e-06,0.000273543,5.72202e-05,2.80336e-06,1
21,6.00908e-06,0.000270447,5.76949e-05,2.71752e-06,1
22,5.60694e-06,0.000267327,5.81549e-05,2.63571e-06,1
23,5.23321e-06,0.000264189,5.8601e-05,2.5577e-06,1
24,4.88586e-06,0.000261039,5.90338e-05,2.48329e-06,1
25,4.56296e-06,0.000257879,5.94539e-05,2.41229e-06,1
26,4.26275e-06,0.000254713,5.98619e-05,2.3445e-06,1
27,3.98359e-06,0.000251547,6.02584e-05,2.27976e-06,1
28,3.72396e-06,0.000248382,6.06438e-05,2.21789e-06,1
29,3.48246e-06,0.000245221,6.10188e-05,2.15874e-06,1
30,3.25777e-06,0.000242069,6.13836e-05,2.10215e-06,1
31,3.0487e-06,0.000238926,6.17389e-05,2.04798e-06,1
32,2.85411e-06,0.000235796,6.20849e-05,1.99611e-06,1
33,2.67297e-06,0.000232681,6.24221e-05,1.94639e-06,1
34,2.50431e-06,0.000229583,6.27509e-05,1.89872e-06,1
35,2.34725e-06,0.000226503,6.30716e-05,1.85298e-06,1
36,2.20095e-06,0.000223443,6.33845e-05,1.80906e-06,1
37,2.06465e-06,0.000220404,6.369e-05,1.76686e-06,1
38,1.93763e-06,0.000217389,6.39883e-05,1.7263e-06,1
39,1.81924e-06,0.000214398,6.42798e-05,1.68727e-06,1
40,1.70885e-06,0.000211432,6.45646e-05,1.6497e-06,1
41,1.60591e-06,0.000208492,6.4843e-05,1.6135e-06,1
42,1.50989e-06,0.000205579,6.51153e-05,1.57861e-06,1
43,1.42029e-06,0.000202694,6.53817e-05,1.54496e-06,1
44,1.33664e-06,0.000199838,6.56424e-05,1.51247e-06,1
45,1.25975e-06,0.000197011,6.58975e-05,1.48109e-06,1
46,1.18786e-06,0.000194213,6.61474e-05,1.45076e-06,1
47,1.12064e-06,0.000191445,6.63921e-05,1.42144e-06,1
48,1.05776e-06,0.000188708,6.66319e-05,1.39307e-06,1
49,9.98918e-07,0.000186002,6.68668e-05,1.36559e-06,1
50,9.43752e-07,0.000183327,6.70971e-05,1.33897e-06,1
51,8.95036e-07,0.000180683,6.73229e-05,1.31316e-06,1
52,8.49232e-07,0.000178071,6.75444e-05,1.28813e-06,1
53,8.06148e-07,0.00017549,6.77615e-05,1.26385e-06,1
54,7.6561e-07,0.000172941,6.79746e-05,1.24028e-06,1
55,7.27453e-07,0.000170423,6.81837e-05,1.21738e-06,1
56,6.91522e-07,0.000167938,6.83889e-05,1.19511e-06,1
57,6.57676e-07,0.000165484,6.85904e-05,1.17346e-06,1
58,6.2578e-07,0.000163061,6.87882e-05,1.15238e-06,1
59,5.95711e-07,0.00016067,6.89824e-05,1.13185e-06,1
60,5.67353e-07,0.00015831,6.91732e-05,1.11185e-06,1
61,5.40597e-07,0.000155981,6.93605e-05,1.09234e-06,1
62,5.15343e-07,0.000153684,6.95446e-05,1.07332e-06,1
63,4.91498e-07,0.000151417,6.97255e-05,1.05476e-06,1
64,4.68972e-07,0.000149181,6.99032e-05,1.03663e-06,1
65,4.47685e-07,0.000146975,7.00779e-05,1.01893e-06,1
66,4.2756e-07,0.000144799,7.02495e-05,1.00163e-06,1
67,4.08525e-07,0.000142653,7.04183e-05,9.84723e-07,1
68,3.90514e-07,0.000140537,7.05842e-05,9.68186e-07,1
69,3.73465e-07,0.00013845,7.07473e-05,9.52009e-07,1
70,3.57318e-07,0.000136392,7.09077e-05,9.36179e-07,1
71,3.42021e-07,0.000134364,7.10653e-05,9.20682e-07,1
72,3.27251e-07,0.000132363,7.12204e-05,9.05507e-07,1
73,3.23415e-07,0.000130391,7.13729e-05,8.90641e-07,1
74,3.19133e-07,0.000128447,7.15229e-05,8.76136e-07,1
75,3.14465e-07,0.000126531,7.16705e-05,8.61967e-07,1
76,3.09465e-07,0.000124643,7.18157e-05,8.48117e-07,1
77,3.04185e-07,0.000122782,7.19585e-05,8.34566e-07,1
78,2.98669e-07,0.000120949,7.2099e-05,8.213e-07,1
79,2.92958e-07,0.000119142,7.22373e-05,8.08303e-07,1
80,2.8709e-07,0.000117361,7.23734e-05,7.95563e-07,1
81,2.81096e-07,0.000115607,7.25074e-05,7.83068e-07,1
82,2.75009e-07,0.000113878,7.26392e-05,7.70807e-07,1
83,2.68853e-07,0.000112174,7.2769e-05,7.58772e-07,1
84,2.62655e-07,0.000110496,7.28967e-05,7.46953e-07,1
85,2.56434e-07,0.000108842,7.30225e-05,7.35343e-07,1
86,2.5011e-07,0.000107212,7.31463e-05,7.23935e-07,1
87,2.47415e-07,0.000105607,7.32682e-05,7.12721e-07,1
88,2.44355e-07,0.000104025,7.33881e-05,7.01718e-07,1
89,2.40984e-07,0.000102466,7.35062e-05,6.90915e-07,1
90,2.37341e-07,0.000100931,7.36225e-05,6.80303e-07,1
91,2.33465e-07,9.94188e-05,7.37371e-05,6.69876e-07,1
92,2.29391e-07,9.79289e-05,7.38498e-05,6.59626e-07,1
93,2.25151e-07,9.64611e-05,7.39608e-05,6.49546e-07,1
94,2.20773e-07,9.50151e-05,7.40702e-05,6.39631e-07,1
95,2.16285e-07,9.35906e-05,7.41778e-05,6.29877e-07,1
96,2.1171e-07,9.21873e-05,7.42838e-05,6.20277e-07,1
97,2.07069e-07,9.08048e-05,7.43882e-05,6.10829e-07,1
98,2.02382e-07,8.94429e-05,7.4491e-05,6.01528e-07,1
99,1.97666e-07,8.81013e-05,7.45922e-05,5.92371e-07,1
100,1.92936e-07,8.67796e-05,7.46919e-05,5.83354e-07,1
101,1.88206e-07,8.54775e-05,7.47901e-05,5.74475e-07,1
102,1.83489e-07,8.41948e-05,7.48867e-05,5.6573e-07,1
103,1.78796e-07,8.29312e-05,7.49819e-05,5.57118e-07,1
104,1.74136e-07,8.16864e-05,7.50757e-05,5.48635e-07,1
105,1.69519e-07,8.046e-05,7.5168e-05,5.40279e-07,1
106,1.64951e-07,7.92519e-05,7.52589e-05,5.32048e-07,1
107,1.6044e-07,7.80618e-05,7.53484e-05,5.23941e-07,1
108,1.55991e-07,7.68893e-05,7.54366e-05,5.15954e-07,1
109,1.5161e-07,7.57343e-05,7.55234e-05,5.08087e-07,1
110,1.473e-07,7.45965e-05,7.56089e-05,5.00338e-07,1
111,1.43065e-07,7.34756e-05,7.5693e-05,4.92703e-07,1
112,1.38909e-07,7.23713e-05,7.57759e-05,4.85183e-07,1
113,1.34834e-07,7.12835e-05,7.58575e-05,4.77775e-07,1
114,1.30841e-07,7.02118e-05,7.59379e-05,4.70478e-07,1
115,1.26933e-07,6.91561e-05,7.60171e-05,4.6329e-07,1
116,1.23111e-07,6.8116e-05,7.6095e-05,4.5621e-07,1
117,1.19375e-07,6.70915e-05,7.61717e-05,4.49235e-07,1
118,1.15726e-07,6.60822e-05,7.62473e-05,4.42366e-07,1
119,1.12165e-07,6.50879e-05,7.63217e-05,4.35599e-07,1
120,1.08691e-07,6.41084e-05,7.6395e-05,4.28934e-07,1
121,1.05304e-07,6.31435e-05,7.64671e-05,4.22369e-07,1
122,1.02004e-07,6.21929e-05,7.65382e-05,4.15904e-07,1
123,9.87896e-08,6.12565e-05,7.66081e-05,4.09535e-07,1
124,9.56606e-08,6.03341e-05,7.6677e-05,4.03263e-07,1
125,9.26159e-08,5.94253e-05,7.67448e-05,3.97086e-07,1
126,8.96545e-08,5.85302e-05,7.68116e-05,3.91003e-07,1
127,8.67752e-08,5.76483e-05,7.68774e-05,3.85011e-07,1
128,8.39768e-08,5.67796e-05,7.69421e-05,3.79111e-07,1
129,8.1258e-08,5.59239e-05,7.70059e-05,3.733e-07,1
130,7.86173e-08,5.50809e-05,7.70687e-05,3.67577e-07,1
131,7.60534e-08,5.42504e-05,7.71305e-05,3.61941e-07,1
132,7.35647e-08,5.34324e-05,7.71914e-05,3.56392e-07,1
133,7.11496e-08,5.26266e-05,7.72513e-05,3.50927e-07,1
134,6.88068e-08,5.18328e-05,7.73103e-05,3.45545e-07,1
135,6.65345e-08,5.10508e-05,7.73684e-05,3.40245e-07,1
136,6.43311e-08,5.02805e-05,7.74256e-05,3.35027e-07,1
137,6.21952e-08,4.95218e-05,7.7482e-05,3.29888e-07,1
138,6.01249e-08,4.87743e-05,7.75374e-05,3.24828e-07,1
139,5.81188e-08,4.80381e-05,7.75921e-05,3.19845e-07,1
140,5.61752e-08,4.73128e-05,7.76458e-05,3.14939e-07,1
141,5.42925e-08,4.65984e-05,7.76988e-05,3.10108e-07,1
142,5.24692e-08,4.58947e-05,7.77509e-05,3.05351e-07,1
143,5.07036e-08,4.52014e-05,7.78023e-05,3.00667e-07,1
144,4.89942e-08,4.45186e-05,7.78528e-05,2.96054e-07,1
145,4.73395e-08,4.3846e-05,7.79026e-05,2.91513e-07,1
146,4.57379e-08,4.31834e-05,7.79516e-05,2.87042e-07,1
147,4.4188e-08,4.25308e-05,7.79999e-05,2.82639e-07,1
148,4.26882e-08,4.1888e-05,7.80474e-05,2.78304e-07,1
149,4.12372e-08,4.12548e-05,7.80942e-05,2.74035e-07,1
150,3.98336e-08,4.0631e-05,7.81403e-05,2.69832e-07,1
151,3.84758e-08,4.00167e-05,7.81856e-05,2.65694e-07,1
152,3.71627e-08,3.94115e-05,7.82303e-05,2.6162e-07,1
153,3.58928e-08,3.88154e-05,7.82743e-05,2.57608e-07,1
154,3.46648e-08,3.82283e-05,7.83176e-05,2.53658e-07,1
155,3.34775e-08,3.76499e-05,7.83603e-05,2.49769e-07,1
156,3.23297e-08,3.70803e-05,7.84022e-05,2.4594e-07,1
157,3.122e-08,3.65192e-05,7.84436e-05,2.42169e-07,1
158,3.01474e-08,3.59665e-05,7.84843e-05,2.38457e-07,1
159,2.91106e-08,3.54221e-05,7.85244e-05,2.34802e-07,1
160,2.81086e-08,3.48859e-05,7.85639e-05,2.31203e-07,1
161,2.71403e-08,3.43578e-05,7.86027e-05,2.2766e-07,1
162,2.62045e-08,3.38376e-05,7.8641e-05,2.24171e-07,1
163,2.53003e-08,3.33252e-05,7.86787e-05,2.20736e-07,1
164,2.44267e-08,3.28205e-05,7.87158e-05,2.17354e-07,1
165,2.35826e-08,3.23234e-05,7.87523e-05,2.14024e-07,1
166,2.27671e-08,3.18338e-05,7.87883e-05,2.10745e-07,1
167,2.19793e-08,3.13516e-05,7.88237e-05,2.07517e-07,1
168,2.12183e-08,3.08766e-05,7.88586e-05,2.04339e-07,1
169,2.04831e-08,3.04088e-05,7.8893e-05,2.01209e-07,1
170,1.97731e-08,2.9948e-05,7.89268e-05,1.98128e-07,1
171,1.90873e-08,2.94942e-05,7.89601e-05,1.95094e-07,1
172,1.84249e-08,2.90472e-05,7.89929e-05,1.92107e-07,1
173,1.77852e-08,2.86069e-05,7.90252e-05,1.89165e-07,1
174,1.71674e-08,2.81732e-05,7.9057e-05,1.86269e-07,1
175,1.65707e-08,2.77461e-05,7.90883e-05,1.83418e-07,1
176,1.59946e-08,2.73255e-05,7.91191e-05,1.80611e-07,1
177,1.54383e-08,2.69112e-05,7.91495e-05,1.77846e-07,1
178,1.49011e-08,2.65031e-05,7.91794e-05,1.75125e-07,1
179,1.43823e-08,2.61012e-05,7.92088e-05,1.72445e-07,1
180,1.38815e-08,2.57053e-05,7.92378e-05,1.69806e-07,1
181,1.33979e-08,2.53154e-05,7.92663e-05,1.67208e-07,1
182,1.29311e-08,2.49314e-05,7.92944e-05,1.6465e-07,1
183,1.24803e-08,2.45533e-05,7.93221e-05,1.62131e-07,1
184,1.20451e-08,2.41808e-05,7.93494e-05,1.59651e-07,1
185,1.1625e-08,2.38139e-05,7.93762e-05,1.57209e-07,1
186,1.12194e-08,2.34526e-05,7.94026e-05,1.54805e-07,1
187,1.08279e-08,2.30967e-05,7.94286e-05,1.52438e-07,1
188,1.04499e-08,2.27462e-05,7.94543e-05,1.50107e-07,1
189,1.00851e-08,2.2401e-05,7.94795e-05,1.47811e-07,1
190,9.73285e-09,2.2061e-05,7.95043e-05,1.45551e-07,1
191,9.39287e-09,2.17262e-05,7.95288e-05,1.43326e-07,1
192,9.0647e-09,2.13964e-05,7.95529e-05,1.41135e-07,1
193,8.74792e-09,2.10716e-05,7.95766e-05,1.38978e-07,1
194,8.44216e-09,2.07517e-05,7.96e-05,1.36854e-07,1
195,8.14703e-09,2.04367e-05,7.9623e-05,1.34762e-07,1
196,7.86216e-09,2.01264e-05,7.96456e-05,1.32702e-07,1
197,7.58722e-09,1.98208e-05,7.96679e-05,1.30674e-07,1
198,7.32184e-09,1.95199e-05,7.96899e-05,1.28678e-07,1
199,7.06571e-09,1.92235e-05,7.97115e-05,1.26712e-07,1
200,6.8185e-09,1.89315e-05,7.97328e-05,1.24776e-07,1
201,6.57991e-09,1.8644e-05,7.97538e-05,1.22869e-07,1
202,6.34963e-09,1.83609e-05,7.97744e-05,1.20992e-07,1
203,6.12739e-09,1.8082e-05,7.97947e-05,1.19144e-07,1
204,5.9129e-09,1.78073e-05,7.98148e-05,1.17324e-07,1
205,5.7059e-09,1.75369e-05,7.98345e-05,1.15532e-07,1
206,5.50612e-09,1.72705e-05,7.98539e-05,1.13768e-07,1
207,5.31331e-09,1.70081e-05,7.9873e-05,1.1203e-07,1
208,5.12724e-09,1.67497e-05,7.98918e-05,1.10319e-07,1
209,4.94767e-09,1.64952e-05,7.99104e-05,1.08635e-07,1
210,4.77438e-09,1.62446e-05,7.99286e-05,1.06976e-07,1
211,4.60714e-09,1.59978e-05,7.99466e-05,1.05343e-07,1
212,4.44574e-09,1.57547e-05,7.99643e-05,1.03734e-07,1
213,4.28999e-09,1.55153e-05,7.99817e-05,1.02151e-07,1
214,4.13968e-09,1.52796e-05,7.99989e-05,1.00591e-07,1
215,3.99463e-09,1.50474e-05,8.00158e-05,9.90555e-08,1
216,3.85465e-09,1.48187e-05,8.00325e-05,9.75435e-08,1
217,3.71957e-09,1.45935e-05,8.00489e-05,9.60546e-08,1
218,3.58922e-09,1.43717e-05,8.0065e-05,9.45885e-08,1
219,3.46343e-09,1.41533e-05,8.00809e-05,9.31448e-08,1
220,3.34204e-09,1.39381e-05,8.00965e-05,9.17233e-08,1
221,3.2249e-09,1.37263e-05,8.0112e-05,9.03235e-08,1
222,3.11186e-09,1.35176e-05,8.01271e-05,8.89451e-08,1
223,3.00278e-09,1.33122e-05,8.01421e-05,8.75879e-08,1
224,2.89752e-09,1.31098e-05,8.01568e-05,8.62514e-08,1
225,2.79595e-09,1.29105e-05,8.01713e-05,8.49353e-08,1
226,2.69793e-09,1.27142e-05,8.01856e-05,8.36394e-08,1
227,2.60335e-09,1.25209e-05,8.01996e-05,8.23633e-08,1
228,2.51208e-09,1.23306e-05,8.02135e-05,8.11068e-08,1
229,2.424e-09,1.21431e-05,8.02271e-05,7.98694e-08,1
230,2.33902e-09,1.19585e-05,8.02405e-05,7.8651e-08,1
231,2.25701e-09,1.17767e-05,8.02537e-05,7.74512e-08,1
232,2.17787e-09,1.15976e-05,8.02667e-05,7.62698e-08,1
233,2.10151e-09,1.14213e-05,8.02796e-05,7.51064e-08,1
234,2.02782e-09,1.12476e-05,8.02922e-05,7.39608e-08,1
235,1.95672e-09,1.10766e-05,8.03046e-05,7.28327e-08,1
236,1.88811e-09,1.09081e-05,8.03168e-05,7.17219e-08,1
237,1.8219e-09,1.07422e-05,8.03289e-05,7.0628e-08,1
238,1.75802e-09,1.05789e-05,8.03408e-05,6.95509e-08,1
239,1.69637e-09,1.0418e-05,8.03525e-05,6.84902e-08,1
240,1.63689e-09,1.02595e-05,8.0364e-05,6.74457e-08,1
241,1.57949e-09,1.01035e-05,8.03753e-05,6.64172e-08,1
242,1.52411e-09,9.94985e-06,8.03865e-05,6.54044e-08,1
243,1.47066e-09,9.79852e-06,8.03974e-05,6.44071e-08,1
244,1.41909e-09,9.64949e-06,8.04083e-05,6.3425e-08,1
245,1.36933e-09,9.50272e-06,8.04189e-05,6.2458e-08,1
246,1.32131e-09,9.35819e-06,8.04294e-05,6.15057e-08,1
247,1.27498e-09,9.21584e-06,8.04398e-05,6.05679e-08,1
248,1.23027e-09,9.07566e-06,8.04499e-05,5.96445e-08,1
249,1.18713e-09,8.93761e-06,8.046e-05,5.87351e-08,1
250,1.1455e-09,8.80166e-06,8.04698e-05,5.78397e-08,1
251,1.10534e-09,8.66777e-06,8.04795e-05,5.69579e-08,1
252,1.06658e-09,8.53591e-06,8.04891e-05,5.60896e-08,1
253,1.02918e-09,8.40606e-06,8.04985e-05,5.52346e-08,1
254,9.93091e-10,8.27818e-06,8.05078e-05,5.43926e-08,1
255,9.58269e-10,8.15225e-06,8.0517e-05,5.35634e-08,1
256,9.24668e-10,8.02823e-06,8.0526e-05,5.2747e-08,1
257,8.92246e-10,7.90609e-06,8.05348e-05,5.19429e-08,1
258,8.60961e-10,7.78581e-06,8.05435e-05,5.11512e-08,1
259,8.30773e-10,7.66736e-06,8.05521e-05,5.03716e-08,1
260,8.01644e-10,7.5507e-06,8.05606e-05,4.96038e-08,1
261,7.73537e-10,7.43583e-06,8.05689e-05,4.88478e-08,1
262,7.46416e-10,7.32269e-06,8.05771e-05,4.81033e-08,1
263,7.20246e-10,7.21128e-06,8.05852e-05,4.73701e-08,1
264,6.94994e-10,7.10156e-06,8.05932e-05,4.66482e-08,1
265,6.70627e-10,6.99351e-06,8.0601e-05,4.59372e-08,1
