"Time","Infected","Quarantined","Deceased","Hospitalized","Output"
1,4.02998e-05,0.000387128,6.18785e-05,8.73883e-06,1
2,3.7774e-05,0.000367865,6.33827e-05,1.01538e-05,1
3,3.49591e-05,0.000349629,6.51374e-05,1.14546e-05,1
4,3.23602e-05,0.000332335,6.71238e-05,1.26472e-05,1
5,2.99573e-05,0.000315936,6.93242e-05,1.37382e-05,1
6,2.77356e-05,0.000300388,7.17215e-05,1.47337e-05,1
7,2.56814e-05,0.000285648,7.42995e-05,1.56397e-05,1
8,2.37819e-05,0.000271676,7.70426e-05,1.64616e-05,1
9,2.20255e-05,0.000258434,7.99364e-05,1.72049e-05,1
10,2.04012e-05,0.000245883,8.29668e-05,1.78744e-05,1
11,1.88991e-05,0.000233988,8.61209e-05,1.84749e-05,1
12,1.751e-05,0.000222716,8.93861e-05,1.90108e-05,1
13,1.62252e-05,0.000212034,9.27509e-05,1.94864e-05,1
14,1.50369e-05,0.000201913,9.62042e-05,1.99056e-05,1
15,1.39378e-05,0.000192322,9.97358e-05,2.02722e-05,1
16,1.2921e-05,0.000183234,0.000103336,2.05898e-05,1
17,1.19804e-05,0.000174623,0.000106996,2.08616e-05,1
18,1.11132e-05,0.000166463,0.000110706,2.10907e-05,1
19,1.03108e-05,0.000158731,0.00011446,2.12803e-05,1
20,9.56818e-06,0.000151404,0.000118249,2.1433e-05,1
21,8.88086e-06,0.000144461,0.000122067,2.15515e-05,1
22,8.24465e-06,0.000137881,0.000125908,2.16382e-05,1
23,7.65572e-06,0.000131645,0.000129764,2.16954e-05,1
24,7.11049e-06,0.000125734,0.000133632,2.17254e-05,1
25,6.60568e-06,0.000120131,0.000137505,2.17301e-05,1
26,6.13825e-06,0.00011482,0.000141379,2.17115e-05,1
27,5.70539e-06,0.000109784,0.000145249,2.16713e-05,1
28,5.30449e-06,0.000105009,0.000149112,2.16113e-05,1
29,4.93316e-06,0.00010048,0.000152964,2.15331e-05,1
30,4.58917e-06,9.6185e-05,0.000156801,2.1438e-05,1
31,4.27047e-06,9.21105e-05,0.00016062,2.13276e-05,1
32,3.97518e-06,8.82448e-05,0.000164418,2.1203e-05,1
33,3.70152e-06,8.45764e-05,0.000168193,2.10656e-05,1
34,3.44789e-06,8.10948e-05,0.000171942,2.09165e-05,1
35,3.21277e-06,7.77898e-05,0.000175663,2.07566e-05,1
36,2.9948e-06,7.46517e-05,0.000179354,2.05871e-05,1
37,2.79268e-06,7.16715e-05,0.000183013,2.04088e-05,1
38,2.60523e-06,6.88406e-05,0.000186638,2.02226e-05,1
39,2.43136e-06,6.6151e-05,0.000190229,2.00294e-05,1
40,2.27006e-06,6.35948e-05,0.000193784,1.98298e-05,1
41,2.12038e-06,6.11649e-05,0.000197301,1.96246e-05,1
42,1.98147e-06,5.88545e-05,0.00020078,1.94145e-05,1
43,1.85251e-06,5.66569e-05,0.00020422,1.92e-05,1
44,1.73278e-06,5.45662e-05,0.00020762,1.89817e-05,1
45,1.62179e-06,5.25766e-05,0.00021098,1.87601e-05,1
46,1.51868e-06,5.06825e-05,0.000214298,1.85358e-05,1
47,1.42287e-06,4.88788e-05,0.000217574,1.83092e-05,1
48,1.33383e-06,4.71606e-05,0.000220809,1.80807e-05,1
49,1.25105e-06,4.55233e-05,0.000224001,1.78507e-05,1
50,1.17357e-06,4.39626e-05,0.000227151,1.76195e-05,1
51,1.11467e-06,4.24743e-05,0.000230258,1.73876e-05,1
52,1.05914e-06,4.10555e-05,0.000233322,1.71553e-05,1
53,1.00676e-06,3.97022e-05,0.000236343,1.69227e-05,1
54,9.57343e-07,3.84109e-05,0.000239322,1.66903e-05,1
55,9.10699e-07,3.71782e-05,0.000242257,1.64582e-05,1
56,8.66657e-07,3.60009e-05,0.000245151,1.62267e-05,1
57,8.25058e-07,3.4876e-05,0.000248001,1.5996e-05,1
58,7.85751e-07,3.38006e-05,0.00025081,1.57662e-05,1
59,7.48595e-07,3.27722e-05,0.000253576,1.55375e-05,1
60,7.13461e-07,3.17882e-05,0.0002563,1.53102e-05,1
61,6.80227e-07,3.08462e-05,0.000258983,1.50843e-05,1
62,6.48777e-07,2.99439e-05,0.000261625,1.486e-05,1
63,6.19006e-07,2.90794e-05,0.000264226,1.46373e-05,1
64,5.90813e-07,2.82506e-05,0.000266786,1.44165e-05,1
65,5.64105e-07,2.74557e-05,0.000269307,1.41975e-05,1
66,5.38794e-07,2.66928e-05,0.000271787,1.39806e-05,1
67,5.148e-07,2.59604e-05,0.000274228,1.37657e-05,1
68,4.92044e-07,2.52569e-05,0.000276631,1.35529e-05,1
69,4.70456e-07,2.45808e-05,0.000278995,1.33424e-05,1
70,4.49969e-07,2.39307e-05,0.00028132,1.3134e-05,1
71,4.30518e-07,2.33053e-05,0.000283608,1.2928e-05,1
72,4.11875e-07,2.27034e-05,0.000285859,1.27244e-05,1
73,4.00082e-07,2.21237e-05,0.000288074,1.25231e-05,1
74,3.88487e-07,2.15657e-05,0.000290252,1.23242e-05,1
75,3.771e-07,2.10282e-05,0.000292394,1.21277e-05,1
76,3.65932e-07,2.05101e-05,0.000294501,1.19338e-05,1
77,3.5499e-07,2.00105e-05,0.000296573,1.17423e-05,1
78,3.4428e-07,1.95284e-05,0.000298611,1.15533e-05,1
79,3.33809e-07,1.90631e-05,0.000300615,1.13668e-05,1
80,3.23579e-07,1.86136e-05,0.000302586,1.11828e-05,1
81,3.13593e-07,1.81793e-05,0.000304524,1.10013e-05,1
82,3.03853e-07,1.77593e-05,0.000306429,1.08223e-05,1
83,2.94358e-07,1.73531e-05,0.000308303,1.06458e-05,1
84,2.8511e-07,1.69599e-05,0.000310145,1.04718e-05,1
85,2.76107e-07,1.65793e-05,0.000311956,1.03003e-05,1
86,2.67218e-07,1.62105e-05,0.000313737,1.01313e-05,1
87,2.62803e-07,1.58531e-05,0.000315487,9.96473e-06,1
88,2.58123e-07,1.55068e-05,0.000317208,9.80062e-06,1
89,2.5414e-07,1.51712e-05,0.0003189,9.63896e-06,1
90,2.49896e-07,1.48457e-05,0.000320564,9.47971e-06,1
91,2.4543e-07,1.453e-05,0.000322199,9.32287e-06,1
92,2.40781e-07,1.42235e-05,0.000323806,9.16841e-06,1
93,2.3598e-07,1.39259e-05,0.000325386,9.01632e-06,1
94,2.31058e-07,1.36367e-05,0.000326939,8.86657e-06,1
95,2.26042e-07,1.33556e-05,0.000328466,8.71914e-06,1
96,2.20955e-07,1.30823e-05,0.000329967,8.574e-06,1
97,2.15821e-07,1.28164e-05,0.000331442,8.43113e-06,1
98,2.10657e-07,1.25576e-05,0.000332892,8.29051e-06,1
99,2.05482e-07,1.23056e-05,0.000334318,8.1521e-06,1
100,2.00312e-07,1.20601e-05,0.000335719,8.01589e-06,1
101,1.95159e-07,1.1821e-05,0.000337096,7.88184e-06,1
102,1.90037e-07,1.15879e-05,0.000338449,7.74993e-06,1
103,1.84956e-07,1.13606e-05,0.00033978,7.62014e-06,1
104,1.79925e-07,1.1139e-05,0.000341087,7.49243e-06,1
105,1.74953e-07,1.09227e-05,0.000342372,7.36677e-06,1
106,1.70047e-07,1.07116e-05,0.000343636,7.24315e-06,1
107,1.65214e-07,1.05056e-05,0.000344877,7.12153e-06,1
108,1.60458e-07,1.03044e-05,0.000346098,7.00189e-06,1
109,1.55785e-07,1.01079e-05,0.000347297,6.88419e-06,1
110,1.51197e-07,9.91587e-06,0.000348476,6.76841e-06,1
111,1.46699e-07,9.72825e-06,0.000349635,6.65453e-06,1
112,1.42293e-07,9.54485e-06,0.000350774,6.54251e-06,1
113,1.37981e-07,9.36556e-06,0.000351893,6.43234e-06,1
114,1.33764e-07,9.19023e-06,0.000352994,6.32397e-06,1
115,1.29643e-07,9.01874e-06,0.000354075,6.21739e-06,1
116,1.2562e-07,8.85098e-06,0.000355138,6.11256e-06,1
117,1.21695e-07,8.68684e-06,0.000356182,6.00947e-06,1
118,1.17867e-07,8.52621e-06,0.000357209,5.90808e-06,1
119,1.14137e-07,8.36899e-06,0.000358218,5.80838e-06,1
120,1.10504e-07,8.21507e-06,0.00035921,5.71032e-06,1
121,1.06967e-07,8.06437e-06,0.000360185,5.6139e-06,1
122,1.03525e-07,7.9168e-06,0.000361143,5.51908e-06,1
123,1.00179e-07,7.77228e-06,0.000362084,5.42583e-06,1
124,9.69251e-08,7.63071e-06,0.00036301,5.33414e-06,1
125,9.37635e-08,7.49202e-06,0.000363919,5.24398e-06,1
126,9.06925e-08,7.35614e-06,0.000364813,5.15532e-06,1
127,8.77105e-08,7.22299e-06,0.000365692,5.06815e-06,1
128,8.48159e-08,7.0925e-06,0.000366556,4.98243e-06,1
129,8.20071e-08,6.96461e-06,0.000367404,4.89815e-06,1
130,7.92824e-08,6.83925e-06,0.000368239,4.81528e-06,1
131,7.664e-08,6.71635e-06,0.000369059,4.73379e-06,1
132,7.40782e-08,6.59587e-06,0.000369864,4.65367e-06,1
133,7.1595e-08,6.47773e-06,0.000370656,4.5749e-06,1
134,6.91887e-08,6.36189e-06,0.000371435,4.49745e-06,1
135,6.68574e-08,6.24829e-06,0.0003722,4.4213e-06,1
136,6.45994e-08,6.13687e-06,0.000372952,4.34643e-06,1
137,6.24126e-08,6.02759e-06,0.000373691,4.27282e-06,1
138,6.02954e-08,5.9204e-06,0.000374418,4.20044e-06,1
139,5.82458e-08,5.81525e-06,0.000375132,4.12929e-06,1
140,5.62621e-08,5.71209e-06,0.000375834,4.05933e-06,1
141,5.43424e-08,5.61089e-06,0.000376523,3.99055e-06,1
142,5.2485e-08,5.51159e-06,0.000377201,3.92293e-06,1
143,5.06882e-08,5.41415e-06,0.000377868,3.85645e-06,1
144,4.89501e-08,5.31854e-06,0.000378522,3.79109e-06,1
145,4.72692e-08,5.22472e-06,0.000379166,3.72684e-06,1
146,4.56437e-08,5.13264e-06,0.000379799,3.66366e-06,1
147,4.40721e-08,5.04227e-06,0.000380421,3.60156e-06,1
148,4.25526e-08,4.95357e-06,0.000381032,3.5405e-06,1
149,4.10837e-08,4.86652e-06,0.000381633,3.48047e-06,1
150,3.9664e-08,4.78106e-06,0.000382223,3.42146e-06,1
151,3.82918e-08,4.69718e-06,0.000382803,3.36345e-06,1
152,3.69657e-08,4.61484e-06,0.000383374,3.30641e-06,1
153,3.56844e-08,4.534e-06,0.000383934,3.25034e-06,1
154,3.44463e-08,4.45464e-06,0.000384486,3.19522e-06,1
155,3.32501e-08,4.37673e-06,0.000385027,3.14103e-06,1
156,3.20945e-08,4.30024e-06,0.00038556,3.08775e-06,1
157,3.09782e-08,4.22513e-06,0.000386083,3.03538e-06,1
158,2.98999e-08,4.15139e-06,0.000386597,2.98389e-06,1
159,2.88585e-08,4.07898e-06,0.000387103,2.93328e-06,1
160,2.78526e-08,4.00787e-06,0.000387599,2.88352e-06,1
161,2.68812e-08,3.93805e-06,0.000388088,2.8346e-06,1
162,2.59431e-08,3.86949e-06,0.000388568,2.78651e-06,1
163,2.50373e-08,3.80216e-06,0.00038904,2.73924e-06,1
164,2.41626e-08,3.73604e-06,0.000389503,2.69277e-06,1
165,2.33181e-08,3.6711e-06,0.000389959,2.64708e-06,1
166,2.25027e-08,3.60733e-06,0.000390407,2.60217e-06,1
167,2.17154e-08,3.5447e-06,0.000390848,2.55802e-06,1
168,2.09554e-08,3.48318e-06,0.00039128,2.51461e-06,1
169,2.02217e-08,3.42277e-06,0.000391706,2.47195e-06,1
170,1.95134e-08,3.36342e-06,0.000392124,2.43e-06,1
171,1.88297e-08,3.30514e-06,0.000392535,2.38877e-06,1
172,1.81697e-08,3.24789e-06,0.000392939,2.34823e-06,1
173,1.75327e-08,3.19165e-06,0.000393336,2.30838e-06,1
174,1.69178e-08,3.13642e-06,0.000393727,2.26921e-06,1
175,1.63243e-08,3.08216e-06,0.00039411,2.2307e-06,1
176,1.57515e-08,3.02886e-06,0.000394487,2.19285e-06,1
177,1.51987e-08,2.97651e-06,0.000394858,2.15563e-06,1
178,1.46651e-08,2.92508e-06,0.000395222,2.11905e-06,1
179,1.41502e-08,2.87455e-06,0.00039558,2.08309e-06,1
180,1.36533e-08,2.82492e-06,0.000395932,2.04773e-06,1
181,1.31737e-08,2.77616e-06,0.000396278,2.01298e-06,1
182,1.27109e-08,2.72826e-06,0.000396619,1.97882e-06,1
183,1.22643e-08,2.68121e-06,0.000396953,1.94523e-06,1
184,1.18333e-08,2.63497e-06,0.000397281,1.91222e-06,1
185,1.14174e-08,2.58956e-06,0.000397604,1.87976e-06,1
186,1.10161e-08,2.54493e-06,0.000397922,1.84786e-06,1
187,1.06288e-08,2.50109e-06,0.000398234,1.8165e-06,1
188,1.02551e-08,2.45802e-06,0.000398541,1.78567e-06,1
189,9.89458e-09,2.41571e-06,0.000398842,1.75536e-06,1
190,9.54665e-09,2.37413e-06,0.000399139,1.72557e-06,1
191,9.21094e-09,2.33328e-06,0.00039943,1.69628e-06,1
192,8.88701e-09,2.29314e-06,0.000399716,1.66749e-06,1
193,8.57446e-09,2.25371e-06,0.000399998,1.63918e-06,1
194,8.27289e-09,2.21496e-06,0.000400274,1.61136e-06,1
195,7.9819e-09,2.17689e-06,0.000400546,1.58401e-06,1
196,7.70115e-09,2.13949e-06,0.000400814,1.55712e-06,1
197,7.43026e-09,2.10273e-06,0.000401076,1.53069e-06,1
198,7.1689e-09,2.06661e-06,0.000401335,1.50471e-06,1
199,6.91672e-09,2.03113e-06,0.000401588,1.47917e-06,1
200,6.67341e-09,1.99626e-06,0.000401838,1.45407e-06,1
201,6.43866e-09,1.962e-06,0.000402083,1.42939e-06,1
202,6.21217e-09,1.92833e-06,0.000402324,1.40512e-06,1
203,5.99364e-09,1.89525e-06,0.000402561,1.38127e-06,1
204,5.78281e-09,1.86274e-06,0.000402794,1.35783e-06,1
205,5.57939e-09,1.83079e-06,0.000403023,1.33478e-06,1
206,5.38313e-09,1.7994e-06,0.000403248,1.31212e-06,1
207,5.19378e-09,1.76856e-06,0.00040347,1.28985e-06,1
208,5.01109e-09,1.73825e-06,0.000403687,1.26796e-06,1
209,4.83483e-09,1.70846e-06,0.000403901,1.24643e-06,1
210,4.66478e-09,1.67919e-06,0.000404111,1.22528e-06,1
211,4.50072e-09,1.65043e-06,0.000404318,1.20448e-06,1
212,4.34243e-09,1.62216e-06,0.000404521,1.18404e-06,1
213,4.18971e-09,1.59438e-06,0.00040472,1.16394e-06,1
214,4.04237e-09,1.56709e-06,0.000404916,1.14418e-06,1
215,3.90022e-09,1.54026e-06,0.000405109,1.12476e-06,1
216,3.76307e-09,1.5139e-06,0.000405299,1.10567e-06,1
217,3.63075e-09,1.48799e-06,0.000405485,1.0869e-06,1
218,3.50309e-09,1.46253e-06,0.000405668,1.06845e-06,1
219,3.37993e-09,1.43751e-06,0.000405848,1.05031e-06,1
220,3.2611e-09,1.41293e-06,0.000406025,1.03249e-06,1
221,3.14646e-09,1.38876e-06,0.000406199,1.01496e-06,1
222,3.03585e-09,1.36502e-06,0.00040637,9.97733e-07,1
223,2.92914e-09,1.34168e-06,0.000406538,9.80798e-07,1
224,2.82618e-09,1.31874e-06,0.000406704,9.6415e-07,1
225,2.72685e-09,1.2962e-06,0.000406866,9.47784e-07,1
226,2.63102e-09,1.27405e-06,0.000407026,9.31697e-07,1
227,2.53856e-09,1.25228e-06,0.000407183,9.15882e-07,1
228,2.44935e-09,1.23088e-06,0.000407337,9.00336e-07,1
229,2.36329e-09,1.20986e-06,0.000407488,8.85054e-07,1
230,2.28025e-09,1.18919e-06,0.000407638,8.70031e-07,1
231,2.20014e-09,1.16888e-06,0.000407784,8.55263e-07,1
232,2.12285e-09,1.14892e-06,0.000407928,8.40746e-07,1
233,2.04828e-09,1.1293e-06,0.00040807,8.26475e-07,1
234,1.97633e-09,1.11002e-06,0.000408209,8.12447e-07,1
235,1.90692e-09,1.09107e-06,0.000408346,7.98657e-07,1
236,1.83994e-09,1.07245e-06,0.00040848,7.85101e-07,1
237,1.77533e-09,1.05414e-06,0.000408612,7.71775e-07,1
238,1.71299e-09,1.03615e-06,0.000408742,7.58675e-07,1
239,1.65284e-09,1.01847e-06,0.00040887,7.45797e-07,1
240,1.5948e-09,1.00109e-06,0.000408996,7.33138e-07,1
241,1.53881e-09,9.84014e-07,0.000409119,7.20695e-07,1
242,1.48479e-09,9.67228e-07,0.00040924,7.08462e-07,1
243,1.43267e-09,9.50729e-07,0.00040936,6.96437e-07,1
244,1.38239e-09,9.34514e-07,0.000409477,6.84616e-07,1
245,1.33387e-09,9.18577e-07,0.000409592,6.72996e-07,1
246,1.28705e-09,9.02912e-07,0.000409705,6.61573e-07,1
247,1.24189e-09,8.87517e-07,0.000409817,6.50343e-07,1
248,1.19831e-09,8.72385e-07,0.000409926,6.39305e-07,1
249,1.15626e-09,8.57512e-07,0.000410034,6.28454e-07,1
250,1.1157e-09,8.42894e-07,0.000410139,6.17787e-07,1
251,1.07656e-09,8.28527e-07,0.000410243,6.07301e-07,1
252,1.03879e-09,8.14406e-07,0.000410346,5.96993e-07,1
253,1.00235e-09,8.00526e-07,0.000410446,5.8686e-07,1
254,9.67196e-10,7.86884e-07,0.000410545,5.769e-07,1
255,9.33275e-10,7.73475e-07,0.000410642,5.67108e-07,1
256,9.00546e-10,7.60296e-07,0.000410737,5.57482e-07,1
257,8.68967e-10,7.47343e-07,0.000410831,5.4802e-07,1
258,8.38497e-10,7.34611e-07,0.000410923,5.38719e-07,1
259,8.09098e-10,7.22097e-07,0.000411014,5.29575e-07,1
260,7.80732e-10,7.09797e-07,0.000411103,5.20587e-07,1
261,7.53363e-10,6.97707e-07,0.000411191,5.11751e-07,1
262,7.26954e-10,6.85824e-07,0.000411277,5.03065e-07,1
263,7.01474e-10,6.74144e-07,0.000411361,4.94526e-07,1
264,6.76888e-10,6.62664e-07,0.000411445,4.86133e-07,1
265,6.53166e-10,6.5138e-07,0.000411526,4.77882e-07,1
