"Time","Infected","Quarantined","Deceased","Hospitalized","Output"
1,0.000421733,0.00160893,0.00080256,5.17774e-05,1
2,0.000405447,0.00159812,0.000812527,5.0421e-05,1
3,0.000389845,0.00158637,0.000822201,4.90775e-05,1
4,0.000374844,0.00157374,0.000831585,4.77491e-05,1
5,0.00036042,0.0015603,0.000840686,4.64376e-05,1
6,0.000346552,0.00154612,0.000849507,4.51446e-05,1
7,0.000333219,0.00153125,0.000858056,4.38714e-05,1
8,0.000320399,0.00151575,0.000866337,4.26191e-05,1
9,0.000308074,0.00149968,0.000874356,4.13887e-05,1
10,0.000296224,0.00148308,0.00088212,4.01809e-05,1
11,0.000284831,0.001466,0.000889634,3.89966e-05,1
12,0.000273877,0.0014485,0.000896905,3.78361e-05,1
13,0.000263345,0.00143062,0.000903939,3.67e-05,1
14,0.00025322,0.00141239,0.000910741,3.55886e-05,1
15,0.000243485,0.00139385,0.000917319,3.4502e-05,1
16,0.000234127,0.00137505,0.000923679,3.34405e-05,1
17,0.000225128,0.00135602,0.000929826,3.2404e-05,1
18,0.000216477,0.0013368,0.000935767,3.13927e-05,1
19,0.000208159,0.00131741,0.000941507,3.04063e-05,1
20,0.000200161,0.00129788,0.000947052,2.94449e-05,1
21,0.000192473,0.00127825,0.000952409,2.85082e-05,1
22,0.000185081,0.00125854,0.000957583,2.7596e-05,1
23,0.000177974,0.00123878,0.00096258,2.6708e-05,1
24,0.000171142,0.00121898,0.000967404,2.58441e-05,1
25,0.000164574,0.00119918,0.000972062,2.50038e-05,1
26,0.000158259,0.00117938,0.000976558,2.41869e-05,1
27,0.000152189,0.00115962,0.000980898,2.3393e-05,1
28,0.000146352,0.00113991,0.000985087,2.26217e-05,1
29,0.000140742,0.00112027,0.00098913,2.18725e-05,1
30,0.000135348,0.00110071,0.000993031,2.11452e-05,1
31,0.000130162,0.00108124,0.000996795,2.04393e-05,1
32,0.000125177,0.00106189,0.00100043,1.97542e-05,1
33,0.000120384,0.00104267,0.00100393,1.90898e-05,1
34,0.000115777,0.00102358,0.00100731,1.84453e-05,1
35,0.000111348,0.00100464,0.00101057,1.78205e-05,1
36,0.000107089,0.000985862,0.00101371,1.72149e-05,1
37,0.000102996,0.000967249,0.00101674,1.6628e-05,1
38,9.90601e-05,0.000948813,0.00101967,1.60594e-05,1
39,9.52767e-05,0.000930562,0.00102249,1.55086e-05,1
40,9.16394e-05,0.000912503,0.00102521,1.49752e-05,1
41,8.81426e-05,0.000894642,0.00102783,1.44588e-05,1
42,8.47809e-05,0.000876986,0.00103036,1.39588e-05,1
43,8.1549e-05,0.000859541,0.0010328,1.34749e-05,1
44,7.72679e-05,0.00084231,0.00103515,1.30066e-05,1
45,7.31359e-05,0.000825224,0.00103741,1.25478e-05,1
46,6.92286e-05,0.00080829,0.00103959,1.20984e-05,1
47,6.55338e-05,0.00079152,0.00104169,1.1659e-05,1
48,6.20394e-05,0.000774923,0.00104372,1.12299e-05,1
49,5.87349e-05,0.000758509,0.00104566,1.08116e-05,1
50,5.56098e-05,0.000742287,0.00104754,1.0404e-05,1
51,5.26533e-05,0.000726264,0.00104933,1.00076e-05,1
52,4.98573e-05,0.000710447,0.00105106,9.62226e-06,1
53,4.7213e-05,0.000694843,0.00105272,9.24814e-06,1
54,4.47121e-05,0.000679456,0.00105432,8.88525e-06,1
55,4.23467e-05,0.000664291,0.00105585,8.53353e-06,1
56,4.01095e-05,0.000649353,0.00105732,8.19293e-06,1
57,3.79934e-05,0.000634645,0.00105872,7.86334e-06,1
58,3.59918e-05,0.00062017,0.00106007,7.54465e-06,1
59,3.40984e-05,0.000605929,0.00106137,7.2367e-06,1
60,3.23074e-05,0.000591926,0.00106261,6.93933e-06,1
61,3.06131e-05,0.000578161,0.0010638,6.65234e-06,1
62,2.90103e-05,0.000564636,0.00106494,6.37554e-06,1
63,2.74939e-05,0.000551351,0.00106603,6.10871e-06,1
64,2.60592e-05,0.000538307,0.00106707,5.85162e-06,1
65,2.47018e-05,0.000525503,0.00106807,5.60406e-06,1
66,2.34175e-05,0.000512938,0.00106903,5.36577e-06,1
67,2.22022e-05,0.000500613,0.00106994,5.13651e-06,1
68,2.10523e-05,0.000488526,0.00107082,4.91605e-06,1
69,1.9964e-05,0.000476676,0.00107165,4.70412e-06,1
70,1.89342e-05,0.000465061,0.00107246,4.50048e-06,1
71,1.79595e-05,0.00045368,0.00107322,4.30488e-06,1
72,1.70342e-05,0.000442532,0.00107395,4.11707e-06,1
73,1.62731e-05,0.000431613,0.00107465,3.93678e-06,1
74,1.55478e-05,0.000420928,0.00107532,3.76435e-06,1
75,1.48564e-05,0.000410476,0.00107596,3.59945e-06,1
76,1.41973e-05,0.000400251,0.00107657,3.44174e-06,1
77,1.3569e-05,0.000390252,0.00107715,3.29093e-06,1
78,1.29699e-05,0.000380475,0.00107771,3.14672e-06,1
79,1.23986e-05,0.000370915,0.00107825,3.00883e-06,1
80,1.18537e-05,0.000361571,0.00107876,2.87699e-06,1
81,1.13341e-05,0.000352438,0.00107924,2.75093e-06,1
82,1.08384e-05,0.000343513,0.00107971,2.63041e-06,1
83,1.03655e-05,0.000334793,0.00108015,2.5152e-06,1
84,9.91429e-06,0.000326273,0.00108058,2.40505e-06,1
85,9.48378e-06,0.00031795,0.00108099,2.29975e-06,1
86,9.07272e-06,0.000309821,0.00108138,2.19909e-06,1
87,8.68721e-06,0.000301883,0.00108175,2.10287e-06,1
88,8.31897e-06,0.000294131,0.0010821,2.01093e-06,1
89,7.96968e-06,0.000286564,0.00108244,1.92307e-06,1
90,7.63592e-06,0.000279176,0.00108277,1.83913e-06,1
91,7.31697e-06,0.000271965,0.00108308,1.75893e-06,1
92,7.01211e-06,0.000264927,0.00108337,1.6823e-06,1
93,6.7207e-06,0.000258058,0.00108366,1.60909e-06,1
94,6.4421e-06,0.000251356,0.00108393,1.53914e-06,1
95,6.17571e-06,0.000244817,0.00108419,1.4723e-06,1
96,5.92097e-06,0.000238437,0.00108444,1.40844e-06,1
97,5.67733e-06,0.000232213,0.00108468,1.34741e-06,1
98,5.44429e-06,0.000226142,0.0010849,1.2891e-06,1
99,5.22135e-06,0.000220221,0.00108512,1.23337e-06,1
100,5.00805e-06,0.000214446,0.00108533,1.18012e-06,1
101,4.80394e-06,0.000208814,0.00108553,1.12924e-06,1
102,4.60861e-06,0.000203322,0.00108572,1.08061e-06,1
103,4.42165e-06,0.000197967,0.0010859,1.03413e-06,1
104,4.24269e-06,0.000192745,0.00108607,9.8971e-07,1
105,4.07136e-06,0.000187655,0.00108624,9.47254e-07,1
106,3.90732e-06,0.000182693,0.0010864,9.06675e-07,1
107,3.75024e-06,0.000177856,0.00108655,8.67888e-07,1
108,3.5998e-06,0.000173141,0.0010867,8.30811e-07,1
109,3.45571e-06,0.000168545,0.00108684,7.95369e-07,1
110,3.31769e-06,0.000164066,0.00108697,7.61486e-07,1
111,3.18545e-06,0.000159701,0.0010871,7.29095e-07,1
112,3.05876e-06,0.000155448,0.00108722,6.98126e-07,1
113,2.93735e-06,0.000151303,0.00108734,6.68516e-07,1
114,2.82101e-06,0.000147264,0.00108745,6.40205e-07,1
115,2.70949e-06,0.000143329,0.00108756,6.13133e-07,1
116,2.6026e-06,0.000139496,0.00108766,5.87246e-07,1
117,2.50013e-06,0.000135761,0.00108776,5.6249e-07,1
118,2.40188e-06,0.000132122,0.00108786,5.38814e-07,1
119,2.30768e-06,0.000128578,0.00108795,5.16169e-07,1
120,2.21734e-06,0.000125125,0.00108804,4.94511e-07,1
121,2.1307e-06,0.000121762,0.00108812,4.73794e-07,1
122,2.04761e-06,0.000118487,0.0010882,4.53977e-07,1
123,1.96789e-06,0.000115296,0.00108827,4.35018e-07,1
124,1.89142e-06,0.000112189,0.00108835,4.16881e-07,1
125,1.81805e-06,0.000109163,0.00108842,3.99528e-07,1
126,1.74765e-06,0.000106217,0.00108849,3.82924e-07,1
127,1.68009e-06,0.000103347,0.00108855,3.67037e-07,1
128,1.61526e-06,0.000100553,0.00108861,3.51833e-07,1
129,1.55303e-06,9.78326e-05,0.00108867,3.37283e-07,1
130,1.4933e-06,9.51835e-05,0.00108873,3.23358e-07,1
131,1.43595e-06,9.26043e-05,0.00108878,3.10029e-07,1
132,1.3809e-06,9.00931e-05,0.00108883,2.97271e-07,1
133,1.32805e-06,8.76482e-05,0.00108888,2.85059e-07,1
134,1.27729e-06,8.52681e-05,0.00108893,2.73367e-07,1
135,1.22855e-06,8.2951e-05,0.00108898,2.62174e-07,1
136,1.18174e-06,8.06953e-05,0.00108902,2.51457e-07,1
137,1.13678e-06,7.84996e-05,0.00108906,2.41195e-07,1
138,1.0936e-06,7.63622e-05,0.0010891,2.31368e-07,1
139,1.05211e-06,7.42817e-05,0.00108914,2.21957e-07,1
140,1.01226e-06,7.22566e-05,0.00108918,2.12944e-07,1
141,9.7397e-07,7.02855e-05,0.00108922,2.04311e-07,1
142,9.37178e-07,6.83671e-05,0.00108925,1.96042e-07,1
143,9.01824e-07,6.64999e-05,0.00108928,1.88121e-07,1
144,8.67849e-07,6.46827e-05,0.00108932,1.80533e-07,1
145,8.35197e-07,6.29141e-05,0.00108935,1.73262e-07,1
146,8.03814e-07,6.1193e-05,0.00108938,1.66296e-07,1
147,7.73649e-07,5.9518e-05,0.0010894,1.59621e-07,1
148,7.44651e-07,5.7888e-05,0.00108943,1.53224e-07,1
149,7.16775e-07,5.63018e-05,0.00108946,1.47094e-07,1
150,6.89975e-07,5.47583e-05,0.00108948,1.41219e-07,1
151,6.64207e-07,5.32563e-05,0.0010895,1.35587e-07,1
152,6.39431e-07,5.17948e-05,0.00108953,1.30189e-07,1
153,6.15606e-07,5.03728e-05,0.00108955,1.25014e-07,1
154,5.92695e-07,4.89891e-05,0.00108957,1.20052e-07,1
155,5.70661e-07,4.76427e-05,0.00108959,1.15295e-07,1
156,5.49469e-07,4.63328e-05,0.00108961,1.10734e-07,1
157,5.29086e-07,4.50583e-05,0.00108963,1.06361e-07,1
158,5.0948e-07,4.38183e-05,0.00108965,1.02166e-07,1
159,4.90619e-07,4.26119e-05,0.00108966,9.81433e-08,1
160,4.72476e-07,4.14383e-05,0.00108968,9.42849e-08,1
161,4.55021e-07,4.02964e-05,0.0010897,9.0584e-08,1
162,4.38227e-07,3.91856e-05,0.00108971,8.70337e-08,1
163,4.22068e-07,3.81049e-05,0.00108973,8.36278e-08,1
164,4.0652e-07,3.70536e-05,0.00108974,8.03601e-08,1
165,3.91559e-07,3.60309e-05,0.00108975,7.72248e-08,1
166,3.77162e-07,3.50361e-05,0.00108977,7.42163e-08,1
167,3.63306e-07,3.40683e-05,0.00108978,7.13293e-08,1
168,3.49971e-07,3.3127e-05,0.00108979,6.85587e-08,1
169,3.37136e-07,3.22113e-05,0.0010898,6.58996e-08,1
170,3.24783e-07,3.13205e-05,0.00108981,6.33473e-08,1
171,3.12892e-07,3.04541e-05,0.00108982,6.08973e-08,1
172,3.01446e-07,2.96114e-05,0.00108983,5.85455e-08,1
173,2.90428e-07,2.87917e-05,0.00108984,5.62877e-08,1
174,2.79821e-07,2.79944e-05,0.00108985,5.412e-08,1
175,2.69609e-07,2.72189e-05,0.00108986,5.20386e-08,1
176,2.59777e-07,2.64647e-05,0.00108987,5.004e-08,1
177,2.5031e-07,2.57311e-05,0.00108988,4.81208e-08,1
178,2.41196e-07,2.50176e-05,0.00108989,4.62777e-08,1
179,2.32419e-07,2.43237e-05,0.0010899,4.45076e-08,1
180,2.23968e-07,2.36488e-05,0.0010899,4.28073e-08,1
181,2.1583e-07,2.29924e-05,0.00108991,4.11742e-08,1
182,2.07993e-07,2.23541e-05,0.00108992,3.96054e-08,1
183,2.00445e-07,2.17333e-05,0.00108992,3.80983e-08,1
184,1.93176e-07,2.11295e-05,0.00108993,3.66504e-08,1
185,1.86175e-07,2.05424e-05,0.00108994,3.52593e-08,1
186,1.79432e-07,1.99714e-05,0.00108994,3.39226e-08,1
187,1.72937e-07,1.94161e-05,0.00108995,3.26382e-08,1
188,1.66682e-07,1.88761e-05,0.00108995,3.14039e-08,1
189,1.60656e-07,1.8351e-05,0.00108996,3.02177e-08,1
190,1.54851e-07,1.78403e-05,0.00108996,2.90776e-08,1
191,1.49259e-07,1.73437e-05,0.00108997,2.79819e-08,1
192,1.43872e-07,1.68609e-05,0.00108997,2.69286e-08,1
193,1.38683e-07,1.63913e-05,0.00108998,2.59162e-08,1
194,1.33683e-07,1.59347e-05,0.00108998,2.49429e-08,1
195,1.28866e-07,1.54907e-05,0.00108999,2.40072e-08,1
196,1.24225e-07,1.5059e-05,0.00108999,2.31076e-08,1
197,1.19754e-07,1.46391e-05,0.00108999,2.22427e-08,1
198,1.15445e-07,1.42309e-05,0.00109,2.1411e-08,1
199,1.11294e-07,1.3834e-05,0.00109,2.06113e-08,1
200,1.07294e-07,1.34481e-05,0.00109,1.98422e-08,1
201,1.03439e-07,1.30728e-05,0.00109001,1.91026e-08,1
202,9.97245e-08,1.27079e-05,0.00109001,1.83913e-08,1
203,9.61451e-08,1.23532e-05,0.00109001,1.77072e-08,1
204,9.26957e-08,1.20082e-05,0.00109002,1.70491e-08,1
205,8.93715e-08,1.16728e-05,0.00109002,1.64162e-08,1
206,8.61679e-08,1.13467e-05,0.00109002,1.58073e-08,1
207,8.30804e-08,1.10297e-05,0.00109003,1.52215e-08,1
208,8.01047e-08,1.07214e-05,0.00109003,1.4658e-08,1
209,7.72368e-08,1.04217e-05,0.00109003,1.41159e-08,1
210,7.44727e-08,1.01303e-05,0.00109003,1.35943e-08,1
211,7.18085e-08,9.84697e-06,0.00109004,1.30924e-08,1
212,6.92406e-08,9.57153e-06,0.00109004,1.26095e-08,1
213,6.67655e-08,9.30374e-06,0.00109004,1.21448e-08,1
214,6.43797e-08,9.04338e-06,0.00109004,1.16976e-08,1
215,6.20799e-08,8.79026e-06,0.00109004,1.12672e-08,1
216,5.98631e-08,8.54418e-06,0.00109005,1.0853e-08,1
217,5.77262e-08,8.30494e-06,0.00109005,1.04544e-08,1
218,5.56663e-08,8.07236e-06,0.00109005,1.00707e-08,1
219,5.36806e-08,7.84624e-06,0.00109005,9.70137e-09,1
220,5.17663e-08,7.62642e-06,0.00109005,9.34589e-09,1
221,4.99208e-08,7.41271e-06,0.00109005,9.00369e-09,1
222,4.81417e-08,7.20496e-06,0.00109006,8.67428e-09,1
223,4.64266e-08,7.00299e-06,0.00109006,8.35716e-09,1
224,4.4773e-08,6.80665e-06,0.00109006,8.05185e-09,1
225,4.31788e-08,6.61578e-06,0.00109006,7.75792e-09,1
226,4.16418e-08,6.43023e-06,0.00109006,7.47491e-09,1
227,4.01599e-08,6.24985e-06,0.00109006,7.20242e-09,1
228,3.87312e-08,6.0745e-06,0.00109006,6.94005e-09,1
229,3.73537e-08,5.90404e-06,0.00109006,6.68741e-09,1
230,3.60255e-08,5.73834e-06,0.00109007,6.44413e-09,1
231,3.47449e-08,5.57726e-06,0.00109007,6.20985e-09,1
232,3.35101e-08,5.42067e-06,0.00109007,5.98424e-09,1
233,3.23195e-08,5.26846e-06,0.00109007,5.76696e-09,1
234,3.11715e-08,5.1205e-06,0.00109007,5.5577e-09,1
235,3.00646e-08,4.97667e-06,0.00109007,5.35617e-09,1
236,2.89972e-08,4.83685e-06,0.00109007,5.16205e-09,1
237,2.79679e-08,4.70095e-06,0.00109007,4.97509e-09,1
238,2.69754e-08,4.56884e-06,0.00109007,4.795e-09,1
239,2.60184e-08,4.44043e-06,0.00109007,4.62153e-09,1
240,2.50955e-08,4.3156e-06,0.00109007,4.45444e-09,1
241,2.42055e-08,4.19427e-06,0.00109008,4.29347e-09,1
242,2.33473e-08,4.07633e-06,0.00109008,4.13841e-09,1
243,2.25197e-08,3.96169e-06,0.00109008,3.98903e-09,1
244,2.17216e-08,3.85025e-06,0.00109008,3.84512e-09,1
245,2.09519e-08,3.74194e-06,0.00109008,3.70647e-09,1
246,2.02096e-08,3.63666e-06,0.00109008,3.57289e-09,1
247,1.94938e-08,3.53432e-06,0.00109008,3.44419e-09,1
248,1.88035e-08,3.43485e-06,0.00109008,3.32018e-09,1
249,1.81377e-08,3.33817e-06,0.00109008,3.2007e-09,1
250,1.74956e-08,3.24419e-06,0.00109008,3.08558e-09,1
251,1.68764e-08,3.15285e-06,0.00109008,2.97465e-09,1
252,1.62792e-08,3.06407e-06,0.00109008,2.86776e-09,1
253,1.57032e-08,2.97778e-06,0.00109008,2.76475e-09,1
254,1.51477e-08,2.8939e-06,0.00109008,2.66549e-09,1
255,1.46119e-08,2.81238e-06,0.00109008,2.56983e-09,1
256,1.40952e-08,2.73314e-06,0.00109008,2.47765e-09,1
257,1.35968e-08,2.65613e-06,0.00109008,2.38881e-09,1
258,1.31161e-08,2.58128e-06,0.00109008,2.3032e-09,1
259,1.26525e-08,2.50852e-06,0.00109009,2.22068e-09,1
260,1.22054e-08,2.43781e-06,0.00109009,2.14116e-09,1
261,1.17741e-08,2.36909e-06,0.00109009,2.06451e-09,1
262,1.13581e-08,2.30229e-06,0.00109009,1.99064e-09,1
263,1.09569e-08,2.23737e-06,0.00109009,1.91943e-09,1
264,1.05699e-08,2.17427e-06,0.00109009,1.8508e-09,1
265,1.01966e-08,2.11294e-06,0.00109009,1.78465e-09,1
