"Time","Infected","Quarantined","Deceased","Hospitalized","Output"
1,0.000421733,0.00160893,0.00080256,5.17774e-05,0
2,0.000405447,0.00159812,0.000812527,5.0421e-05,0
3,0.000389849,0.00158637,0.000822201,4.90775e-05,0
4,0.000374852,0.00157374,0.000831585,4.77491e-05,0
5,0.000360434,0.0015603,0.000840686,4.64377e-05,0
6,0.000346574,0.00154612,0.000849507,4.51447e-05,0
7,0.000333249,0.00153125,0.000858056,4.38716e-05,0
8,0.000320441,0.00151576,0.000866337,4.26194e-05,0
9,0.000308129,0.00149968,0.000874356,4.13892e-05,0
10,0.000296295,0.00148309,0.00088212,4.01817e-05,0
11,0.000284936,0.00146602,0.000889634,3.89977e-05,0
12,0.000274028,0.00144852,0.000896905,3.78377e-05,0
13,0.000263554,0.00143065,0.00090394,3.67022e-05,0
14,0.0002535,0.00141243,0.000910743,3.55916e-05,0
15,0.000243853,0.00139391,0.000917321,3.45063e-05,0
16,0.000234601,0.00137514,0.000923682,3.34462e-05,0
17,0.00022576,0.00135614,0.00092983,3.24118e-05,0
18,0.000217297,0.00133695,0.000935772,3.1403e-05,0
19,0.000209214,0.00131761,0.000941514,3.042e-05,0
20,0.000201507,0.00129815,0.000947063,2.94629e-05,0
21,0.000194173,0.0012786,0.000952423,2.85316e-05,0
22,0.000187176,0.00125899,0.000957602,2.76263e-05,0
23,0.000180541,0.00123935,0.000962604,2.67467e-05,0
24,0.000174272,0.0012197,0.000967436,2.58929e-05,0
25,0.000168377,0.00120008,0.000972103,2.50649e-05,0
26,0.000162869,0.00118052,0.000976611,2.42628e-05,0
27,0.000157765,0.00116103,0.000980966,2.34866e-05,0
28,0.000153089,0.00114164,0.000985172,2.27367e-05,0
29,0.000148187,0.0011224,0.000989237,2.20133e-05,0
30,0.000143434,0.00110327,0.000993164,2.13136e-05,0
31,0.000138805,0.00108427,0.00099696,2.06365e-05,0
32,0.000134315,0.00106542,0.00100063,1.99813e-05,0
33,0.000129959,0.00104671,0.00100417,1.93471e-05,0
34,0.000125735,0.00102815,0.0010076,1.87332e-05,0
35,0.00012164,0.00100976,0.00101091,1.81388e-05,0
36,0.000117671,0.000991539,0.00101412,1.75632e-05,0
37,0.000113824,0.000973491,0.00101721,1.70058e-05,0
38,0.000110098,0.000955625,0.00102021,1.6466e-05,0
39,0.000106488,0.000937945,0.0010231,1.59432e-05,0
40,0.000102993,0.000920457,0.0010259,1.54369e-05,0
41,9.96084e-05,0.000903164,0.00102861,1.49464e-05,0
42,9.63328e-05,0.000886071,0.00103122,1.44713e-05,0
43,9.31629e-05,0.000869181,0.00103375,1.40111e-05,0
44,9.00963e-05,0.000852499,0.0010362,1.35653e-05,0
45,0.000110452,0.000836026,0.00103857,1.31334e-05,0
46,0.000135148,0.000821243,0.00104085,1.28307e-05,0
47,0.000164926,0.000808398,0.00104309,1.267e-05,0
48,0.000200927,0.000797779,0.00104529,1.26673e-05,0
49,0.000244465,0.000789745,0.0010475,1.28432e-05,0
50,0.000297126,0.000784727,0.00104973,1.32232e-05,0
51,0.000360827,0.000783252,0.00105204,1.38392e-05,0
52,0.000437887,0.000785955,0.00105445,1.47305e-05,0
53,0.000531111,0.000793609,0.00105703,1.59452e-05,0
54,0.000643887,0.000807149,0.00105983,1.75421e-05,0
55,0.000780312,0.000827708,0.00106292,1.95927e-05,0
56,0.000945244,0.000856658,0.00106639,2.21841e-05,0
57,0.00114467,0.000895654,0.00107035,2.54212e-05,0
58,0.00138578,0.0009467,0.00107493,2.94314e-05,0
59,0.00167727,0.00101222,0.00108029,3.43686e-05,0
60,0.00160942,0.00109514,0.00108662,4.04182e-05,0
61,0.00154477,0.00117239,0.00109418,4.57227e-05,0
62,0.0014827,0.00124421,0.00110285,5.03453e-05,0
63,0.0014231,0.00131081,0.00111251,5.43431e-05,0
64,0.00136588,0.00137239,0.00112304,5.77697e-05,0
65,0.00131096,0.00142915,0.00113432,6.0675e-05,0
66,0.00125822,0.00148128,0.00114625,6.31058e-05,0
67,0.0012076,0.00152899,0.00115874,6.51053e-05,0
68,0.001159,0.00157245,0.00117168,6.67138e-05,0
69,0.00111236,0.00161186,0.001185,6.79684e-05,0
70,0.00106758,0.00164739,0.0011986,6.89036e-05,0
71,0.0010246,0.00167922,0.00121242,6.95509e-05,0
72,0.00098333,0.00170753,0.0012264,6.99397e-05,0
73,0.000943713,0.00173247,0.00124046,7.00965e-05,0
74,0.000905683,0.00175422,0.00125456,7.0046e-05,0
75,0.000869235,0.00177293,0.00126865,6.98107e-05,0
76,0.000834279,0.00178875,0.00128268,6.94115e-05,0
77,0.00080076,0.00180184,0.00129662,6.88673e-05,0
78,0.000768646,0.00181235,0.00131044,6.81955e-05,0
79,0.000737881,0.0018204,0.00132409,6.74121e-05,0
80,0.000708425,0.00182615,0.00133757,6.65315e-05,0
81,0.000680239,0.00182972,0.00135084,6.55671e-05,0
82,0.000653291,0.00183124,0.00136389,6.45308e-05,0
83,0.000627552,0.00183085,0.0013767,6.34339e-05,0
84,0.000603002,0.00182865,0.00138926,6.22864e-05,0
85,0.000579624,0.00182477,0.00140156,6.10977e-05,0
86,0.000557409,0.00181932,0.00141359,5.98763e-05,0
87,0.000536362,0.00181242,0.00142535,5.86302e-05,0
88,0.000515742,0.00180417,0.00143682,5.73666e-05,0
89,0.000495977,0.00179465,0.00144802,5.60888e-05,0
90,0.000477039,0.00178394,0.00145893,5.48019e-05,0
91,0.000458907,0.00177212,0.00146956,5.35104e-05,0
92,0.000441539,0.00175928,0.0014799,5.22185e-05,0
93,0.000424932,0.00174549,0.00148996,5.09298e-05,0
94,0.000409073,0.00173083,0.00149975,4.96477e-05,0
95,0.000393655,0.00171537,0.00150925,4.83754e-05,0
96,0.000378841,0.00169917,0.00151849,4.71141e-05,0
97,0.000364583,0.00168229,0.00152745,4.5866e-05,0
98,0.000350883,0.00166478,0.00153615,4.46328e-05,0
99,0.000337727,0.0016467,0.00154459,4.3416e-05,0
100,0.000325101,0.0016281,0.00155278,4.22171e-05,0
101,0.000312992,0.00160904,0.00156071,4.10373e-05,0
102,0.000301382,0.00158956,0.00156841,3.98779e-05,0
103,0.000290266,0.00156971,0.00157586,3.87396e-05,0
104,0.000279638,0.00154954,0.00158308,3.76235e-05,0
105,0.000269494,0.00152909,0.00159007,3.65304e-05,0
106,0.000259832,0.0015084,0.00159683,3.54608e-05,0
107,0.000250657,0.00148751,0.00160339,3.44156e-05,0
108,0.000241654,0.00146647,0.00160973,3.33955e-05,0
109,0.000232974,0.00144529,0.00161587,3.23993e-05,0
110,0.000224608,0.001424,0.00162181,3.14271e-05,0
111,0.000216546,0.00140263,0.00162755,3.04788e-05,0
112,0.000208776,0.00138121,0.00163311,2.9554e-05,0
113,0.000201286,0.00135975,0.00163849,2.86527e-05,0
114,0.00019407,0.00133829,0.00164369,2.77745e-05,0
115,0.000187107,0.00131684,0.00164872,2.69192e-05,0
116,0.000180395,0.00129542,0.00165359,2.60864e-05,0
117,0.000173921,0.00127405,0.00165829,2.52759e-05,0
118,0.000167681,0.00125275,0.00166284,2.44872e-05,0
119,0.000161665,0.00123153,0.00166724,2.372e-05,0
120,0.000155866,0.00121041,0.00167149,2.29739e-05,0
121,0.00015028,0.00118941,0.0016756,2.22486e-05,0
122,0.000144896,0.00116854,0.00167957,2.15436e-05,0
123,0.000139708,0.0011478,0.00168341,2.08586e-05,0
124,0.000134709,0.00112722,0.00168712,2.01932e-05,0
125,0.000129893,0.0011068,0.00169071,1.9547e-05,0
126,0.000125252,0.00108655,0.00169417,1.89195e-05,0
127,0.000120781,0.00106649,0.00169752,1.83104e-05,0
128,0.000116473,0.00104661,0.00170075,1.77193e-05,0
129,0.000112313,0.00102694,0.00170388,1.71457e-05,0
130,0.000108304,0.00100747,0.0017069,1.65893e-05,0
131,0.00010444,0.000988206,0.00170982,1.60495e-05,0
132,0.000100716,0.000969165,0.00171263,1.5526e-05,0
133,9.7128e-05,0.000950348,0.00171536,1.50184e-05,0
134,9.36705e-05,0.000931757,0.00171799,1.45263e-05,0
135,9.03392e-05,0.000913399,0.00172053,1.40493e-05,0
136,8.71297e-05,0.000895277,0.00172298,1.3587e-05,0
137,0.000106283,0.000877395,0.00172535,1.31391e-05,0
138,0.000129406,0.000861163,0.00172764,1.28153e-05,0
139,0.000157299,0.000846807,0.00172987,1.26272e-05,0
140,0.000190944,0.000834598,0.00173207,1.25895e-05,0
141,0.000231539,0.000824864,0.00173426,1.2721e-05,0
142,0.000280522,0.000818001,0.00173647,1.3045e-05,0
143,0.000339646,0.000814491,0.00173874,1.35904e-05,0
144,0.000410608,0.000814916,0.00174111,1.43931e-05,0
145,0.000496168,0.000819956,0.00174363,1.54947e-05,0
146,0.000599325,0.000830454,0.00174635,1.69481e-05,0
147,0.00072369,0.000847425,0.00174933,1.8817e-05,0
148,0.000873609,0.000872095,0.00175266,2.1179e-05,0
149,0.00105431,0.000905946,0.00175643,2.41278e-05,0
150,0.00127208,0.000950759,0.00176076,2.77764e-05,0
151,0.00153439,0.00100869,0.00176579,3.22608e-05,0
152,0.00185048,0.00108231,0.0017717,3.77445e-05,0
153,0.00177302,0.00117475,0.00177872,4.44243e-05,0
154,0.00169984,0.00126074,0.00178711,5.02663e-05,0
155,0.00162972,0.00134061,0.00179675,5.53451e-05,0
156,0.00156254,0.00141458,0.0018075,5.97258e-05,0
157,0.00149817,0.00148291,0.00181922,6.3469e-05,0
158,0.00143653,0.00154583,0.00183179,6.66316e-05,0
159,0.00137751,0.00160356,0.00184508,6.92668e-05,0
160,0.00132072,0.00165634,0.00185899,7.14237e-05,0
161,0.00126626,0.00170436,0.0018734,7.31467e-05,0
162,0.00121402,0.00174785,0.00188822,7.44778e-05,0
163,0.00116391,0.001787,0.00190336,7.54554e-05,0
164,0.00111586,0.00182202,0.00191873,7.61153e-05,0
165,0.00106977,0.00185311,0.00193426,7.64901e-05,0
166,0.00102557,0.00188044,0.00194988,7.66099e-05,0
167,0.000983183,0.00190421,0.00196552,7.65022e-05,0
168,0.000942534,0.0019246,0.00198114,7.61922e-05,0
169,0.000903553,0.00194178,0.00199669,7.5703e-05,0
170,0.000866173,0.00195592,0.00201212,7.50555e-05,0
171,0.000830329,0.00196717,0.0020274,7.4269e-05,0
172,0.000795984,0.00197571,0.00204248,7.3361e-05,0
173,0.000763067,0.00198167,0.00205735,7.23473e-05,0
174,0.000731524,0.00198521,0.00207198,7.12425e-05,0
175,0.000701302,0.00198647,0.00208635,7.00598e-05,0
176,0.000672352,0.00198558,0.00210044,6.88112e-05,0
177,0.000644627,0.00198267,0.00211425,6.75073e-05,0
178,0.000618085,0.00197788,0.00212774,6.61581e-05,0
179,0.000592683,0.00197132,0.00214093,6.47724e-05,0
180,0.000568386,0.00196311,0.00215379,6.33583e-05,0
181,0.000545138,0.00195336,0.00216634,6.19231e-05,0
182,0.000522926,0.00194218,0.00217855,6.04732e-05,0
183,0.000501723,0.00192967,0.00219044,5.90145e-05,0
184,0.000481509,0.00191594,0.00220201,5.75526e-05,0
185,0.000461955,0.00190108,0.00221324,5.60923e-05,0
186,0.00044319,0.00188516,0.00222415,5.46367e-05,0
187,0.000425183,0.00186827,0.00223474,5.31889e-05,0
188,0.000407903,0.00185048,0.00224502,5.17522e-05,0
189,0.000391322,0.00183187,0.00225498,5.03291e-05,0
190,0.000375413,0.00181251,0.00226463,4.89219e-05,0
191,0.000360149,0.00179246,0.00227399,4.75328e-05,0
192,0.000345505,0.00177179,0.00228304,4.61634e-05,0
193,0.000331454,0.00175056,0.0022918,4.48153e-05,0
194,0.000317973,0.00172882,0.00230028,4.34898e-05,0
195,0.000305098,0.00170663,0.00230848,4.2188e-05,0
196,0.000292775,0.00168405,0.00231641,4.09111e-05,0
197,0.000280979,0.00166112,0.00232408,3.96601e-05,0
198,0.000269703,0.00163789,0.00233148,3.84356e-05,0
199,0.000258934,0.00161441,0.00233864,3.72382e-05,0
200,0.000248662,0.00159072,0.00234555,3.60686e-05,0
201,0.00023888,0.00156687,0.00235223,3.4927e-05,0
202,0.000229583,0.00154289,0.00235867,3.38141e-05,0
203,0.00022076,0.00151883,0.00236489,3.273e-05,0
204,0.000212422,0.00149472,0.0023709,3.16751e-05,0
205,0.000204579,0.00147059,0.0023767,3.06497e-05,0
206,0.000197255,0.00144649,0.00238229,2.96542e-05,0
207,0.00019046,0.00142245,0.00238769,2.86891e-05,0
208,0.000183517,0.00139851,0.0023929,2.77549e-05,0
209,0.000176853,0.00137466,0.00239792,2.68486e-05,0
210,0.000170456,0.00135093,0.00240278,2.59698e-05,0
211,0.00016432,0.00132732,0.00240746,2.51178e-05,0
212,0.000158439,0.00130385,0.00241198,2.4292e-05,0
213,0.000152796,0.00128056,0.00241634,2.3492e-05,0
214,0.000147394,0.00125743,0.00242054,2.27171e-05,0
215,0.000142198,0.0012345,0.0024246,2.19668e-05,0
216,0.000137225,0.00121178,0.00242852,2.12405e-05,0
217,0.00013247,0.00118927,0.0024323,2.05375e-05,0
218,0.000127931,0.00116699,0.00243595,1.98575e-05,0
219,0.000123607,0.00114494,0.00243948,1.91998e-05,0
220,0.000119498,0.00112315,0.00244288,1.85641e-05,0
221,0.000115605,0.00110161,0.00244616,1.795e-05,0
222,0.000111932,0.00108034,0.00244933,1.73569e-05,0
223,0.000108484,0.00105935,0.00245239,1.67847e-05,0
224,0.000104952,0.00103865,0.00245534,1.6233e-05,0
225,0.000101527,0.00101823,0.00245819,1.57e-05,0
226,9.82066e-05,0.000998082,0.00246094,1.5185e-05,0
227,9.49888e-05,0.00097822,0.0024636,1.46873e-05,0
228,9.18709e-05,0.000958641,0.00246617,1.42063e-05,0
229,8.88508e-05,0.000939345,0.00246866,1.37414e-05,0
230,0.000108749,0.000920334,0.00247105,1.32919e-05,0
231,0.000132668,0.000903054,0.00247337,1.29703e-05,0
232,0.000161409,0.00088773,0.00247563,1.27882e-05,0
233,0.000195958,0.000874635,0.00247786,1.27604e-05,0
234,0.0002375,0.0008641,0.00248008,1.29056e-05,0
235,0.000287463,0.000856521,0.00248232,1.3247e-05,0
236,0.00034756,0.00085238,0.00248463,1.38136e-05,0
237,0.000419837,0.000852257,0.00248704,1.46409e-05,0
238,0.00050675,0.000856853,0.0024896,1.57721e-05,0
239,0.000611298,0.00086701,0.00249237,1.72596e-05,0
240,0.000737057,0.000883743,0.00249541,1.91674e-05,0
241,0.000888242,0.000908278,0.00249881,2.15725e-05,0
242,0.00107006,0.000942083,0.00250265,2.45678e-05,0
243,0.00128869,0.000986931,0.00250706,2.82651e-05,0
244,0.00155152,0.00104495,0.00251219,3.27993e-05,0
245,0.00186744,0.00111871,0.00251821,3.83316e-05,0
246,0.00178727,0.00121128,0.00252534,4.50556e-05,0
247,0.00171118,0.00129724,0.00253387,5.0925e-05,0
248,0.00163833,0.00137688,0.00254366,5.60147e-05,0
249,0.00156858,0.00145048,0.00255455,6.03915e-05,0
250,0.00150182,0.00151827,0.00256642,6.41183e-05,0
251,0.00143791,0.00158051,0.00257914,6.72535e-05,0
252,0.00137675,0.00163744,0.00259258,6.98517e-05,0
253,0.00131823,0.00168929,0.00260662,7.19635e-05,0
254,0.00126224,0.00173631,0.00262116,7.3636e-05,0
255,0.00120868,0.00177871,0.0026361,7.49123e-05,0
256,0.00115748,0.00181671,0.00265134,7.58327e-05,0
257,0.00110854,0.00185053,0.0026668,7.64338e-05,0
258,0.00106178,0.00188039,0.0026824,7.67496e-05,0
259,0.00101712,0.00190648,0.00269808,7.68113e-05,0
260,0.000974183,0.001929,0.00271378,7.66474e-05,0
261,0.000933053,0.00194813,0.00272943,7.62825e-05,0
262,0.00089366,0.00196405,0.002745,7.57398e-05,0
263,0.000855932,0.00197693,0.00276044,7.50408e-05,0
264,0.000819799,0.00198693,0.00277571,7.42046e-05,0
265,0.000785198,0.00199422,0.00279078,7.32489e-05,0
