"Time","Infected","Quarantined","Deceased","Hospitalized","Output"
1,0.00030903,0.000804793,0.000241932,1.12737e-05,1
2,0.000296964,0.000792237,0.000243885,1.10998e-05,1
3,0.000282727,0.000779557,0.000245808,1.09238e-05,1
4,0.000269171,0.00076666,0.0002477,1.07441e-05,1
5,0.000256267,0.000753583,0.00024956,1.05614e-05,1
6,0.000243984,0.000740361,0.000251387,1.03763e-05,1
7,0.000232292,0.000727026,0.000253181,1.01892e-05,1
8,0.000221163,0.000713608,0.000254941,1.00007e-05,1
9,0.000210568,0.000700135,0.000256669,9.81111e-06,1
10,0.000200483,0.000686631,0.000258362,9.62091e-06,1
11,0.000190883,0.000673122,0.000260022,9.43046e-06,1
12,0.000181744,0.000659627,0.000261649,9.2401e-06,1
13,0.000173044,0.000646168,0.000263241,9.05012e-06,1
14,0.000164763,0.000632762,0.000264801,8.86082e-06,1
15,0.000156879,0.000619427,0.000266326,8.67246e-06,1
16,0.000149374,0.000606177,0.000267819,8.48527e-06,1
17,0.000142219,0.000593027,0.000269278,8.29946e-06,1
18,0.000135552,0.000579989,0.000270705,8.11522e-06,1
19,0.000129194,0.000567081,0.0002721,7.93282e-06,1
20,0.000123133,0.000554312,0.000273462,7.75241e-06,1
21,0.000117353,0.000541691,0.000274793,7.57411e-06,1
22,0.000111842,0.000529226,0.000276092,7.39805e-06,1
23,0.000106588,0.000516923,0.000277361,7.22431e-06,1
24,0.000101579,0.000504788,0.000278599,7.05298e-06,1
25,9.68032e-05,0.000492827,0.000279808,6.88416e-06,1
26,9.22503e-05,0.000481045,0.000280987,6.7179e-06,1
27,8.791e-05,0.000469445,0.000282137,6.55427e-06,1
28,8.37723e-05,0.000458031,0.000283258,6.3933e-06,1
29,7.9828e-05,0.000446806,0.000284351,6.23506e-06,1
30,7.60681e-05,0.000435773,0.000285417,6.07956e-06,1
31,7.2484e-05,0.000424933,0.000286456,5.92683e-06,1
32,6.90677e-05,0.000414287,0.000287468,5.77691e-06,1
33,6.58113e-05,0.000403837,0.000288455,5.62979e-06,1
34,6.27075e-05,0.000393584,0.000289415,5.48549e-06,1
35,5.97491e-05,0.000383528,0.000290351,5.34401e-06,1
36,5.69294e-05,0.000373668,0.000291262,5.20535e-06,1
37,5.4242e-05,0.000364005,0.00029215,5.0695e-06,1
38,5.16807e-05,0.000354538,0.000293013,4.93647e-06,1
39,4.92397e-05,0.000345267,0.000293854,4.80622e-06,1
40,4.69133e-05,0.000336189,0.000294673,4.67874e-06,1
41,4.46962e-05,0.000327305,0.000295469,4.55402e-06,1
42,4.25834e-05,0.000318612,0.000296244,4.43204e-06,1
43,4.05699e-05,0.000310109,0.000296998,4.31276e-06,1
44,3.86511e-05,0.000301794,0.000297731,4.19616e-06,1
45,3.68235e-05,0.000293665,0.000298444,4.08221e-06,1
46,3.50819e-05,0.000285721,0.000299138,3.97088e-06,1
47,3.34223e-05,0.000277958,0.000299813,3.86214e-06,1
48,3.18409e-05,0.000270375,0.000300468,3.75595e-06,1
49,3.0334e-05,0.000262969,0.000301106,3.65228e-06,1
50,2.88981e-05,0.000255737,0.000301726,3.55109e-06,1
51,2.75303e-05,0.000248678,0.000302329,3.45234e-06,1
52,2.62271e-05,0.000241789,0.000302914,3.35599e-06,1
53,2.49853e-05,0.000235067,0.000303483,3.26201e-06,1
54,2.38021e-05,0.000228508,0.000304036,3.17035e-06,1
55,2.26748e-05,0.000222111,0.000304574,3.08098e-06,1
56,2.16007e-05,0.000215873,0.000305096,2.99386e-06,1
57,2.05773e-05,0.000209791,0.000305603,2.90893e-06,1
58,1.96022e-05,0.000203862,0.000306096,2.82617e-06,1
59,1.86733e-05,0.000198082,0.000306574,2.74552e-06,1
60,1.77882e-05,0.00019245,0.000307039,2.66696e-06,1
61,1.6945e-05,0.000186963,0.00030749,2.59043e-06,1
62,1.61416e-05,0.000181617,0.000307929,2.5159e-06,1
63,1.53763e-05,0.00017641,0.000308354,2.44332e-06,1
64,1.46472e-05,0.000171339,0.000308768,2.37266e-06,1
65,1.39526e-05,0.000166401,0.000309169,2.30387e-06,1
66,1.32909e-05,0.000161593,0.000309559,2.23691e-06,1
67,1.26605e-05,0.000156912,0.000309937,2.17175e-06,1
68,1.206e-05,0.000152356,0.000310304,2.10833e-06,1
69,1.14879e-05,0.000147923,0.00031066,2.04664e-06,1
70,1.09429e-05,0.000143608,0.000311006,1.98661e-06,1
71,1.04238e-05,0.00013941,0.000311342,1.92822e-06,1
72,9.92914e-06,0.000135326,0.000311667,1.87143e-06,1
73,9.46245e-06,0.000131353,0.000311983,1.8162e-06,1
74,9.01784e-06,0.000127489,0.00031229,1.7625e-06,1
75,8.59427e-06,0.000123731,0.000312588,1.71028e-06,1
76,8.19074e-06,0.000120078,0.000312876,1.65952e-06,1
77,7.8063e-06,0.000116525,0.000313156,1.61018e-06,1
78,7.44003e-06,0.000113071,0.000313428,1.56222e-06,1
79,7.09109e-06,0.000109714,0.000313692,1.51562e-06,1
80,6.75863e-06,0.00010645,0.000313947,1.47032e-06,1
81,6.44188e-06,0.000103279,0.000314195,1.42631e-06,1
82,6.1401e-06,0.000100196,0.000314436,1.38355e-06,1
83,5.85257e-06,9.72011e-05,0.000314669,1.342e-06,1
84,5.57862e-06,9.42908e-05,0.000314896,1.30165e-06,1
85,5.31759e-06,9.14633e-05,0.000315115,1.26244e-06,1
86,5.06889e-06,8.87164e-05,0.000315328,1.22437e-06,1
87,4.83198e-06,8.60481e-05,0.000315534,1.18739e-06,1
88,4.60627e-06,8.34564e-05,0.000315735,1.15147e-06,1
89,4.39121e-06,8.09391e-05,0.000315929,1.1166e-06,1
90,4.1863e-06,7.84944e-05,0.000316117,1.08274e-06,1
91,3.99106e-06,7.61203e-05,0.000316299,1.04986e-06,1
92,3.80503e-06,7.3815e-05,0.000316476,1.01794e-06,1
93,3.62777e-06,7.15766e-05,0.000316648,9.86951e-07,1
94,3.45886e-06,6.94033e-05,0.000316814,9.56871e-07,1
95,3.29791e-06,6.72935e-05,0.000316975,9.27673e-07,1
96,3.14454e-06,6.52453e-05,0.000317131,8.99333e-07,1
97,2.99839e-06,6.32571e-05,0.000317283,8.71828e-07,1
98,2.85911e-06,6.13272e-05,0.00031743,8.45135e-07,1
99,2.72638e-06,5.94541e-05,0.000317572,8.19231e-07,1
100,2.59989e-06,5.76363e-05,0.00031771,7.94095e-07,1
101,2.47935e-06,5.5872e-05,0.000317844,7.69705e-07,1
102,2.36447e-06,5.416e-05,0.000317973,7.4604e-07,1
103,2.25498e-06,5.24987e-05,0.000318099,7.2308e-07,1
104,2.15062e-06,5.08868e-05,0.000318221,7.00805e-07,1
105,2.05116e-06,4.93227e-05,0.000318339,6.79195e-07,1
106,1.95637e-06,4.78053e-05,0.000318453,6.58233e-07,1
107,1.86601e-06,4.63331e-05,0.000318564,6.37899e-07,1
108,1.77989e-06,4.4905e-05,0.000318671,6.18175e-07,1
109,1.6978e-06,4.35196e-05,0.000318775,5.99045e-07,1
110,1.61955e-06,4.21757e-05,0.000318876,5.80491e-07,1
111,1.54495e-06,4.08722e-05,0.000318974,5.62497e-07,1
112,1.47385e-06,3.96079e-05,0.000319068,5.45046e-07,1
113,1.40606e-06,3.83817e-05,0.00031916,5.28123e-07,1
114,1.34144e-06,3.71924e-05,0.000319249,5.11712e-07,1
115,1.27984e-06,3.60391e-05,0.000319335,4.958e-07,1
116,1.2211e-06,3.49206e-05,0.000319418,4.8037e-07,1
117,1.16511e-06,3.3836e-05,0.000319499,4.6541e-07,1
118,1.11172e-06,3.27843e-05,0.000319577,4.50905e-07,1
119,1.06082e-06,3.17646e-05,0.000319653,4.36842e-07,1
120,1.01229e-06,3.07758e-05,0.000319727,4.23208e-07,1
121,9.6601e-07,2.98171e-05,0.000319798,4.09991e-07,1
122,9.21883e-07,2.88876e-05,0.000319867,3.97178e-07,1
123,8.79806e-07,2.79865e-05,0.000319934,3.84757e-07,1
124,8.39682e-07,2.71129e-05,0.000319998,3.72717e-07,1
125,8.01419e-07,2.6266e-05,0.000320061,3.61046e-07,1
126,7.6493e-07,2.54451e-05,0.000320122,3.49734e-07,1
127,7.30131e-07,2.46493e-05,0.000320181,3.3877e-07,1
128,6.96943e-07,2.38778e-05,0.000320237,3.28143e-07,1
129,6.6529e-07,2.31301e-05,0.000320293,3.17844e-07,1
130,6.35101e-07,2.24054e-05,0.000320346,3.07862e-07,1
131,6.06307e-07,2.17029e-05,0.000320398,2.98188e-07,1
132,5.78842e-07,2.10221e-05,0.000320448,2.88813e-07,1
133,5.52644e-07,2.03623e-05,0.000320497,2.79728e-07,1
134,5.27654e-07,1.97228e-05,0.000320544,2.70924e-07,1
135,5.03816e-07,1.9103e-05,0.000320589,2.62393e-07,1
136,4.81075e-07,1.85025e-05,0.000320633,2.54126e-07,1
137,4.5938e-07,1.79204e-05,0.000320676,2.46116e-07,1
138,4.38683e-07,1.73565e-05,0.000320717,2.38354e-07,1
139,4.18936e-07,1.68099e-05,0.000320757,2.30833e-07,1
140,4.00096e-07,1.62804e-05,0.000320796,2.23547e-07,1
141,3.8212e-07,1.57672e-05,0.000320834,2.16487e-07,1
142,3.64968e-07,1.527e-05,0.00032087,2.09647e-07,1
143,3.48602e-07,1.47883e-05,0.000320905,2.0302e-07,1
144,3.32985e-07,1.43215e-05,0.00032094,1.966e-07,1
145,3.18081e-07,1.38693e-05,0.000320973,1.90381e-07,1
146,3.03859e-07,1.34311e-05,0.000321005,1.84355e-07,1
147,2.90286e-07,1.30066e-05,0.000321036,1.78518e-07,1
148,2.77332e-07,1.25954e-05,0.000321066,1.72863e-07,1
149,2.64969e-07,1.21969e-05,0.000321095,1.67386e-07,1
150,2.53169e-07,1.1811e-05,0.000321123,1.62079e-07,1
151,2.41906e-07,1.14371e-05,0.00032115,1.5694e-07,1
152,2.31154e-07,1.10748e-05,0.000321176,1.51961e-07,1
153,2.20892e-07,1.0724e-05,0.000321202,1.47138e-07,1
154,2.11095e-07,1.03841e-05,0.000321227,1.42467e-07,1
155,2.01742e-07,1.00548e-05,0.000321251,1.37942e-07,1
156,1.92813e-07,9.73589e-06,0.000321274,1.3356e-07,1
157,1.84288e-07,9.42697e-06,0.000321296,1.29316e-07,1
158,1.76149e-07,9.12774e-06,0.000321318,1.25204e-07,1
159,1.68378e-07,8.83791e-06,0.000321339,1.21223e-07,1
160,1.60957e-07,8.55719e-06,0.000321359,1.17366e-07,1
161,1.53872e-07,8.28529e-06,0.000321379,1.13632e-07,1
162,1.47105e-07,8.02195e-06,0.000321398,1.10015e-07,1
163,1.40643e-07,7.76689e-06,0.000321417,1.06512e-07,1
164,1.34472e-07,7.51986e-06,0.000321435,1.03119e-07,1
165,1.28578e-07,7.28061e-06,0.000321452,9.98336e-08,1
166,1.22949e-07,7.04891e-06,0.000321469,9.6652e-08,1
167,1.17572e-07,6.82451e-06,0.000321485,9.35708e-08,1
168,1.12436e-07,6.60718e-06,0.000321501,9.05871e-08,1
169,1.0753e-07,6.39672e-06,0.000321516,8.76977e-08,1
170,1.02844e-07,6.1929e-06,0.000321531,8.48997e-08,1
171,9.83666e-08,5.99552e-06,0.000321545,8.21903e-08,1
172,9.40893e-08,5.80438e-06,0.000321559,7.95666e-08,1
173,9.00026e-08,5.61928e-06,0.000321572,7.70261e-08,1
174,8.6098e-08,5.44004e-06,0.000321585,7.4566e-08,1
175,8.23671e-08,5.26647e-06,0.000321598,7.2184e-08,1
176,7.88021e-08,5.09839e-06,0.00032161,6.98774e-08,1
177,7.53953e-08,4.93564e-06,0.000321621,6.76441e-08,1
178,7.21397e-08,4.77804e-06,0.000321633,6.54816e-08,1
179,6.90283e-08,4.62543e-06,0.000321644,6.33878e-08,1
180,6.60547e-08,4.47767e-06,0.000321654,6.13604e-08,1
181,6.32125e-08,4.33459e-06,0.000321665,5.93975e-08,1
182,6.04959e-08,4.19605e-06,0.000321675,5.74969e-08,1
183,5.78992e-08,4.06191e-06,0.000321684,5.56568e-08,1
184,5.54169e-08,3.93202e-06,0.000321694,5.38752e-08,1
185,5.30438e-08,3.80626e-06,0.000321703,5.21502e-08,1
186,5.07752e-08,3.6845e-06,0.000321712,5.04802e-08,1
187,4.86062e-08,3.56661e-06,0.00032172,4.88633e-08,1
188,4.65324e-08,3.45246e-06,0.000321728,4.72979e-08,1
189,4.45495e-08,3.34195e-06,0.000321736,4.57823e-08,1
190,4.26534e-08,3.23495e-06,0.000321744,4.4315e-08,1
191,4.08403e-08,3.13136e-06,0.000321751,4.28945e-08,1
192,3.91063e-08,3.03106e-06,0.000321759,4.15193e-08,1
193,3.74481e-08,2.93396e-06,0.000321766,4.01879e-08,1
194,3.5862e-08,2.83995e-06,0.000321772,3.8899e-08,1
195,3.43451e-08,2.74893e-06,0.000321779,3.76512e-08,1
196,3.28941e-08,2.66082e-06,0.000321785,3.64432e-08,1
197,3.15061e-08,2.57551e-06,0.000321791,3.52738e-08,1
198,3.01784e-08,2.49293e-06,0.000321797,3.41417e-08,1
199,2.89082e-08,2.41298e-06,0.000321803,3.30457e-08,1
200,2.7693e-08,2.33558e-06,0.000321809,3.19848e-08,1
201,2.65303e-08,2.26065e-06,0.000321814,3.09578e-08,1
202,2.54178e-08,2.18811e-06,0.000321819,2.99636e-08,1
203,2.43533e-08,2.11788e-06,0.000321824,2.90012e-08,1
204,2.33347e-08,2.0499e-06,0.000321829,2.80695e-08,1
205,2.23599e-08,1.9841e-06,0.000321834,2.71677e-08,1
206,2.1427e-08,1.92039e-06,0.000321838,2.62947e-08,1
207,2.05341e-08,1.85872e-06,0.000321843,2.54496e-08,1
208,1.96795e-08,1.79902e-06,0.000321847,2.46316e-08,1
209,1.88615e-08,1.74123e-06,0.000321851,2.38397e-08,1
210,1.80785e-08,1.68529e-06,0.000321855,2.30732e-08,1
211,1.7329e-08,1.63114e-06,0.000321859,2.23313e-08,1
212,1.66114e-08,1.57872e-06,0.000321863,2.16131e-08,1
213,1.59244e-08,1.52798e-06,0.000321866,2.09179e-08,1
214,1.52666e-08,1.47886e-06,0.00032187,2.0245e-08,1
215,1.46368e-08,1.43131e-06,0.000321873,1.95937e-08,1
216,1.40338e-08,1.38529e-06,0.000321877,1.89632e-08,1
217,1.34563e-08,1.34074e-06,0.00032188,1.8353e-08,1
218,1.29032e-08,1.29762e-06,0.000321883,1.77623e-08,1
219,1.23736e-08,1.25588e-06,0.000321886,1.71906e-08,1
220,1.18664e-08,1.21548e-06,0.000321889,1.66372e-08,1
221,1.13805e-08,1.17637e-06,0.000321892,1.61015e-08,1
222,1.09151e-08,1.13851e-06,0.000321894,1.5583e-08,1
223,1.04693e-08,1.10187e-06,0.000321897,1.50812e-08,1
224,1.00423e-08,1.06641e-06,0.000321899,1.45955e-08,1
225,9.63314e-09,1.03208e-06,0.000321902,1.41254e-08,1
226,9.24116e-09,9.98853e-07,0.000321904,1.36704e-08,1
227,8.86561e-09,9.66693e-07,0.000321906,1.32299e-08,1
228,8.50576e-09,9.35564e-07,0.000321909,1.28037e-08,1
229,8.16095e-09,9.05435e-07,0.000321911,1.23911e-08,1
230,7.83052e-09,8.76272e-07,0.000321913,1.19918e-08,1
231,7.51386e-09,8.48046e-07,0.000321915,1.16053e-08,1
232,7.21038e-09,8.20726e-07,0.000321917,1.12312e-08,1
233,6.91951e-09,7.94284e-07,0.000321919,1.08692e-08,1
234,6.64071e-09,7.68691e-07,0.000321921,1.05188e-08,1
235,6.37348e-09,7.4392e-07,0.000321922,1.01796e-08,1
236,6.11731e-09,7.19945e-07,0.000321924,9.85138e-09,1
237,5.87173e-09,6.96741e-07,0.000321926,9.53369e-09,1
238,5.6363e-09,6.74282e-07,0.000321927,9.22622e-09,1
239,5.41058e-09,6.52545e-07,0.000321929,8.92865e-09,1
240,5.19416e-09,6.31507e-07,0.00032193,8.64064e-09,1
241,4.98664e-09,6.11145e-07,0.000321932,8.36191e-09,1
242,4.78765e-09,5.91438e-07,0.000321933,8.09214e-09,1
243,4.59683e-09,5.72365e-07,0.000321935,7.83105e-09,1
244,4.41383e-09,5.53905e-07,0.000321936,7.57837e-09,1
245,4.23833e-09,5.36039e-07,0.000321937,7.33382e-09,1
246,4.07e-09,5.18748e-07,0.000321938,7.09715e-09,1
247,3.90854e-09,5.02013e-07,0.00032194,6.86809e-09,1
248,3.75367e-09,4.85817e-07,0.000321941,6.64641e-09,1
249,3.60511e-09,4.70142e-07,0.000321942,6.43187e-09,1
250,3.4626e-09,4.54972e-07,0.000321943,6.22424e-09,1
251,3.32587e-09,4.4029e-07,0.000321944,6.02329e-09,1
252,3.1947e-09,4.2608e-07,0.000321945,5.82882e-09,1
253,3.06884e-09,4.12329e-07,0.000321946,5.64062e-09,1
254,2.94807e-09,3.9902e-07,0.000321947,5.45848e-09,1
255,2.8322e-09,3.86139e-07,0.000321948,5.28221e-09,1
256,2.721e-09,3.73674e-07,0.000321949,5.11162e-09,1
257,2.61428e-09,3.6161e-07,0.00032195,4.94652e-09,1
258,2.51187e-09,3.49934e-07,0.00032195,4.78675e-09,1
259,2.41357e-09,3.38635e-07,0.000321951,4.63213e-09,1
260,2.31923e-09,3.277e-07,0.000321952,4.4825e-09,1
261,2.22868e-09,3.17117e-07,0.000321953,4.33769e-09,1
262,2.14175e-09,3.06876e-07,0.000321954,4.19755e-09,1
263,2.05831e-09,2.96964e-07,0.000321954,4.06192e-09,1
264,1.9782e-09,2.87372e-07,0.000321955,3.93068e-09,1
265,1.90129e-09,2.78089e-07,0.000321956,3.80366e-09,1
