"Time","Infected","Quarantined","Deceased","Hospitalized","Output"
1,0.00030903,0.000804793,0.000241932,1.12737e-05,0
2,0.000296964,0.000792237,0.000243885,1.10998e-05,0
3,0.000332921,0.000779557,0.000245808,1.09238e-05,0
4,0.000373125,0.000768883,0.0002477,1.07781e-05,0
5,0.000418092,0.000760338,0.000249566,1.06644e-05,0
6,0.000468387,0.000754063,0.000251411,1.05849e-05,0
7,0.000524643,0.00075022,0.000253242,1.05419e-05,0
8,0.000587567,0.000748994,0.000255066,1.05381e-05,0
9,0.000657948,0.000750595,0.000256888,1.05765e-05,0
10,0.000736669,0.000755261,0.000258718,1.06608e-05,0
11,0.000824718,0.000763261,0.000260563,1.07947e-05,0
12,0.000923188,0.000774901,0.000262431,1.09829e-05,0
13,0.00103332,0.000790522,0.000264333,1.12304e-05,0
14,0.00115647,0.000810511,0.00026628,1.1543e-05,0
15,0.00129418,0.000835303,0.000268282,1.1927e-05,0
16,0.00144816,0.000865386,0.000270353,1.23897e-05,0
17,0.00162053,0.000901308,0.000272507,1.29393e-05,0
18,0.0018075,0.000943693,0.00027476,1.35849e-05,0
19,0.00201616,0.000992976,0.000277129,1.43329e-05,0
20,0.00224904,0.00104989,0.000279634,1.51943e-05,0
21,0.00250899,0.00111527,0.000282296,1.61811e-05,0
22,0.00279915,0.00119003,0.000285138,1.7307e-05,0
23,0.00312313,0.0012752,0.000288187,1.85872e-05,0
24,0.00348486,0.00137195,0.000291472,2.00389e-05,0
25,0.0038888,0.00148156,0.000295029,2.16809e-05,0
26,0.00433993,0.00160548,0.000298893,2.35346e-05,0
27,0.00484387,0.00174535,0.000303108,2.56238e-05,0
28,0.00540682,0.00190298,0.000307723,2.79749e-05,0
29,0.00602711,0.0020804,0.000312792,3.06177e-05,0
30,0.00673426,0.00227951,0.000318379,3.35794e-05,0
31,0.00645414,0.00250344,0.000324553,3.69059e-05,0
32,0.00618556,0.00270767,0.000331396,3.99145e-05,0
33,0.00592802,0.00289334,0.000338854,4.26253e-05,0
34,0.00568107,0.00306155,0.000346873,4.50572e-05,0
35,0.00544429,0.00321334,0.000355401,4.72282e-05,0
36,0.00521727,0.00334969,0.000364389,4.91557e-05,0
37,0.0049996,0.00347154,0.000373788,5.08558e-05,0
38,0.0047909,0.00357978,0.000383553,5.2344e-05,0
39,0.00459082,0.00367524,0.00039364,5.3635e-05,0
40,0.004399,0.00375873,0.000404009,5.47425e-05,0
41,0.00421511,0.00383101,0.000414621,5.56796e-05,0
42,0.00403882,0.00389278,0.000425439,5.64584e-05,0
43,0.00386982,0.00394472,0.00043643,5.70907e-05,0
44,0.00370782,0.00398749,0.00044756,5.75872e-05,0
45,0.00355253,0.00402169,0.0004588,5.79581e-05,0
46,0.00340367,0.0040479,0.000470124,5.8213e-05,0
47,0.00326099,0.00406666,0.000481504,5.83609e-05,0
48,0.00312424,0.00407849,0.000492916,5.84102e-05,0
49,0.00299316,0.00408387,0.00050434,5.83688e-05,0
50,0.00286753,0.00408328,0.000515755,5.82442e-05,0
51,0.00274712,0.00407714,0.000527142,5.80431e-05,0
52,0.00263173,0.00406586,0.000538484,5.77721e-05,0
53,0.00252114,0.00404985,0.000549766,5.74372e-05,0
54,0.00241516,0.00402946,0.000560973,5.70441e-05,0
55,0.00231359,0.00400503,0.000572093,5.6598e-05,0
56,0.00221627,0.00397691,0.000583114,5.61038e-05,0
57,0.00212301,0.00394539,0.000594026,5.55662e-05,0
58,0.00203364,0.00391077,0.000604819,5.49894e-05,0
59,0.001948,0.00387333,0.000615485,5.43773e-05,0
60,0.00186594,0.0038333,0.000626017,5.37338e-05,0
61,0.00178732,0.00379095,0.000636407,5.30622e-05,0
62,0.00171198,0.0037465,0.000646651,5.23658e-05,0
63,0.0016398,0.00370016,0.000656744,5.16475e-05,0
64,0.00157064,0.00365214,0.00066668,5.09102e-05,0
65,0.00150438,0.00360262,0.000676457,5.01563e-05,0
66,0.00144091,0.00355177,0.000686071,4.93884e-05,0
67,0.0013801,0.00349978,0.00069552,4.86086e-05,0
68,0.00132185,0.00344679,0.000704802,4.7819e-05,0
69,0.00126606,0.00339294,0.000713915,4.70216e-05,0
70,0.00121262,0.00333838,0.000722859,4.62179e-05,0
71,0.00116144,0.00328323,0.000731632,4.54098e-05,0
72,0.00111237,0.00322762,0.000740235,4.45988e-05,0
73,0.00106537,0.00317164,0.000748667,4.37861e-05,0
74,0.00102034,0.00311541,0.000756928,4.29731e-05,0
75,0.000977204,0.00305901,0.000765019,4.2161e-05,0
76,0.000935886,0.00300255,0.000772942,4.13508e-05,0
77,0.000896308,0.00294609,0.000780696,4.05436e-05,0
78,0.000858397,0.00288973,0.000788284,3.97402e-05,0
79,0.000822085,0.00283352,0.000795706,3.89415e-05,0
80,0.000787305,0.00277754,0.000802964,3.81483e-05,0
81,0.000753993,0.00272184,0.00081006,3.73613e-05,0
82,0.000722089,0.00266648,0.000816996,3.6581e-05,0
83,0.000691535,0.00261152,0.000823773,3.58081e-05,0
84,0.000662274,0.00255699,0.000830395,3.50432e-05,0
85,0.000634255,0.00250295,0.000836862,3.42866e-05,0
86,0.000607426,0.00244942,0.000843177,3.35388e-05,0
87,0.000581739,0.00239646,0.000849343,3.28002e-05,0
88,0.000557115,0.00234408,0.000855361,3.20711e-05,0
89,0.000533531,0.00229232,0.000861235,3.13519e-05,0
90,0.000510943,0.0022412,0.000866966,3.06426e-05,0
91,0.000489311,0.00219075,0.000872557,2.99437e-05,0
92,0.000468593,0.00214099,0.000878011,2.92553e-05,0
93,0.000448752,0.00209193,0.00088333,2.85775e-05,0
94,0.00042975,0.0020436,0.000888517,2.79104e-05,0
95,0.000411733,0.00199599,0.000893574,2.72543e-05,0
96,0.000394558,0.00194915,0.000898503,2.66093e-05,0
97,0.000378205,0.00190307,0.000903308,2.59755e-05,0
98,0.000362658,0.00185776,0.000907991,2.53531e-05,0
99,0.000347908,0.00181325,0.000912553,2.4742e-05,0
100,0.00033395,0.00176953,0.000916999,2.41425e-05,0
101,0.000320786,0.00172662,0.00092133,2.35545e-05,0
102,0.000308425,0.00168453,0.000925549,2.29782e-05,0
103,0.000296886,0.00164326,0.000929659,2.24136e-05,0
104,0.000286198,0.00160283,0.000933662,2.18608e-05,0
105,0.000276404,0.00156324,0.00093756,2.13201e-05,0
106,0.00026756,0.00152451,0.000941356,2.07914e-05,0
107,0.000259741,0.00148665,0.000945054,2.02751e-05,0
108,0.000250603,0.00144968,0.000948654,1.97712e-05,0
109,0.000241776,0.00141351,0.00095216,1.92785e-05,0
110,0.000233248,0.00137813,0.000955574,1.87968e-05,0
111,0.00022501,0.00134352,0.000958899,1.83259e-05,0
112,0.000217053,0.00130968,0.000962136,1.78655e-05,0
113,0.000209368,0.00127658,0.000965288,1.74154e-05,0
114,0.000201947,0.00124423,0.000968357,1.69755e-05,0
115,0.000194777,0.0012126,0.000971345,1.65456e-05,0
116,0.000187853,0.00118169,0.000974254,1.61255e-05,0
117,0.000181167,0.00115148,0.000977086,1.57149e-05,0
118,0.000174711,0.00112196,0.000979843,1.53138e-05,0
119,0.000168478,0.00109311,0.000982526,1.49219e-05,0
120,0.000162461,0.00106493,0.000985138,1.45391e-05,0
121,0.000156652,0.0010374,0.000987681,1.41651e-05,0
122,0.000151045,0.00101051,0.000990155,1.37998e-05,0
123,0.000170024,0.000984252,0.000992564,1.34431e-05,0
124,0.000191104,0.000959688,0.000994907,1.31112e-05,0
125,0.000214499,0.00093686,0.000997191,1.28048e-05,0
126,0.000240472,0.000915811,0.00099942,1.25243e-05,0
127,0.000269318,0.0008966,0.0010016,1.22706e-05,0
128,0.000301364,0.000879292,0.00100373,1.20448e-05,0
129,0.000336941,0.000863968,0.00100582,1.18479e-05,0
130,0.000376455,0.00085072,0.00100788,1.16813e-05,0
131,0.000420365,0.000839654,0.00100991,1.15465e-05,0
132,0.000469176,0.000830893,0.00101191,1.14455e-05,0
133,0.000523441,0.00082458,0.00101389,1.13803e-05,0
134,0.000583774,0.000820876,0.00101587,1.13533e-05,0
135,0.000650859,0.000819965,0.00101783,1.13672e-05,0
136,0.000725457,0.000822055,0.00101981,1.14252e-05,0
137,0.00080841,0.000827381,0.00102179,1.15307e-05,0
138,0.000900625,0.000836207,0.00102379,1.16877e-05,0
139,0.00100317,0.00084883,0.00102581,1.19005e-05,0
140,0.00111719,0.000865583,0.00102788,1.21743e-05,0
141,0.00124398,0.000886839,0.00103,1.25144e-05,0
142,0.00138495,0.000913018,0.00103217,1.29272e-05,0
143,0.00154169,0.000944588,0.00103442,1.34195e-05,0
144,0.00171591,0.000982069,0.00103676,1.39992e-05,0
145,0.00190956,0.00102605,0.00103921,1.46749e-05,0
146,0.00212481,0.00107716,0.00104177,1.54561e-05,0
147,0.00236402,0.00113615,0.00104448,1.63536e-05,0
148,0.00262981,0.00120381,0.00104736,1.73793e-05,0
149,0.00292509,0.00128103,0.00105042,1.85463e-05,0
150,0.00325307,0.00136881,0.0010537,1.98693e-05,0
151,0.00361728,0.00146826,0.00105722,2.13646e-05,0
152,0.00402168,0.00158059,0.00106103,2.305e-05,0
153,0.00447049,0.00170718,0.00106515,2.49455e-05,0
154,0.00496856,0.00184951,0.00106963,2.7073e-05,0
155,0.00552099,0.00200926,0.00107453,2.94568e-05,0
156,0.00613346,0.00218827,0.00107989,3.21235e-05,0
157,0.00586484,0.00238857,0.00108577,3.51025e-05,0
158,0.00560791,0.00257045,0.00109225,3.77852e-05,0
159,0.00536212,0.00273501,0.00109927,4.01909e-05,0
160,0.005127,0.00288332,0.00110679,4.23378e-05,0
161,0.00490209,0.00301638,0.00111475,4.42434e-05,0
162,0.00468695,0.00313514,0.0011231,4.5924e-05,0
163,0.00448117,0.0032405,0.00113182,4.73952e-05,0
164,0.00428433,0.00333331,0.00114084,4.86716e-05,0
165,0.00409606,0.00341437,0.00115013,4.97673e-05,0
166,0.00391599,0.00348445,0.00115966,5.06952e-05,0
167,0.00374376,0.00354428,0.00116939,5.14675e-05,0
168,0.00357904,0.00359452,0.00117929,5.2096e-05,0
169,0.00342151,0.00363583,0.00118933,5.25913e-05,0
170,0.00327085,0.00366882,0.00119947,5.29638e-05,0
171,0.00312676,0.00369405,0.00120969,5.32229e-05,0
172,0.00298916,0.00371209,0.00121997,5.33777e-05,0
173,0.00285764,0.00372344,0.00123028,5.34365e-05,0
174,0.00273197,0.00372859,0.00124061,5.34073e-05,0
175,0.00261192,0.00372801,0.00125093,5.32976e-05,0
176,0.00249725,0.00372214,0.00126122,5.3114e-05,0
177,0.00238776,0.00371137,0.00127148,5.28633e-05,0
178,0.00228328,0.00369611,0.00128168,5.25513e-05,0
179,0.0021836,0.00367672,0.00129181,5.21837e-05,0
180,0.00208859,0.00365354,0.00130186,5.17659e-05,0
181,0.0019981,0.00362691,0.00131182,5.13029e-05,0
182,0.00191199,0.00359715,0.00132169,5.07993e-05,0
183,0.00183018,0.00356454,0.00133144,5.02594e-05,0
184,0.00175258,0.00352936,0.00134108,4.96875e-05,0
185,0.0016768,0.0034919,0.00135059,4.90875e-05,0
186,0.00160427,0.00345231,0.00135997,4.84615e-05,0
187,0.00153486,0.00341079,0.00136922,4.78125e-05,0
188,0.00146844,0.00336756,0.00137834,4.71434e-05,0
189,0.00140487,0.00332279,0.00138731,4.64568e-05,0
190,0.00134404,0.00327666,0.00139613,4.5755e-05,0
191,0.00128583,0.00322935,0.0014048,4.50404e-05,0
192,0.00123013,0.003181,0.00141333,4.43151e-05,0
193,0.00117683,0.00313176,0.0014217,4.35809e-05,0
194,0.00112582,0.00308176,0.00142992,4.28397e-05,0
195,0.00107702,0.00303113,0.00143798,4.20931e-05,0
196,0.00103032,0.00298,0.00144589,4.13426e-05,0
197,0.000985642,0.00292846,0.00145364,4.05897e-05,0
198,0.000942894,0.00287663,0.00146124,3.98356e-05,0
199,0.000901994,0.00282459,0.00146868,3.90816e-05,0
200,0.000862864,0.00277244,0.00147597,3.83287e-05,0
201,0.000825428,0.00272025,0.0014831,3.75781e-05,0
202,0.000789616,0.00266811,0.00149008,3.68305e-05,0
203,0.000755348,0.00261608,0.00149691,3.60868e-05,0
204,0.000722567,0.00256423,0.00150359,3.53479e-05,0
205,0.00069121,0.00251262,0.00151012,3.46143e-05,0
206,0.000661217,0.00246131,0.0015165,3.38869e-05,0
207,0.000632531,0.00241034,0.00152273,3.31661e-05,0
208,0.000605067,0.00235976,0.00152883,3.24525e-05,0
209,0.000578793,0.00230961,0.00153477,3.17466e-05,0
210,0.000553656,0.00225994,0.00154058,3.10487e-05,0
211,0.00052961,0.00221077,0.00154626,3.03593e-05,0
212,0.000506606,0.00216214,0.00155179,2.96787e-05,0
213,0.000484596,0.00211407,0.00155719,2.90072e-05,0
214,0.00046354,0.0020666,0.00156246,2.83451e-05,0
215,0.000443396,0.00201975,0.0015676,2.76925e-05,0
216,0.000424126,0.00197353,0.00157262,2.70498e-05,0
217,0.000405692,0.00192796,0.00157751,2.6417e-05,0
218,0.000388058,0.00188306,0.00158228,2.57943e-05,0
219,0.000371189,0.00183885,0.00158692,2.51818e-05,0
220,0.000355053,0.00179533,0.00159145,2.45797e-05,0
221,0.000339617,0.00175251,0.00159587,2.39879e-05,0
222,0.000324852,0.00171041,0.00160017,2.34066e-05,0
223,0.000310728,0.00166903,0.00160436,2.28358e-05,0
224,0.000297216,0.00162837,0.00160844,2.22754e-05,0
225,0.00028429,0.00158843,0.00161242,2.17255e-05,0
226,0.000271925,0.00154923,0.00161629,2.11862e-05,0
227,0.000260097,0.00151076,0.00162006,2.06572e-05,0
228,0.000248783,0.00147301,0.00162374,2.01387e-05,0
229,0.000237961,0.001436,0.00162731,1.96305e-05,0
230,0.000227609,0.00139972,0.00163079,1.91326e-05,0
231,0.000217707,0.00136416,0.00163418,1.86449e-05,0
232,0.000208236,0.00132932,0.00163747,1.81674e-05,0
233,0.000199177,0.0012952,0.00164068,1.76999e-05,0
234,0.000190513,0.00126178,0.0016438,1.72424e-05,0
235,0.000182226,0.00122908,0.00164684,1.67947e-05,0
236,0.000174301,0.00119707,0.0016498,1.63568e-05,0
237,0.000166721,0.00116576,0.00165267,1.59285e-05,0
238,0.000159472,0.00113513,0.00165547,1.55097e-05,0
239,0.00015254,0.00110518,0.00165819,1.51003e-05,0
240,0.000145912,0.0010759,0.00166083,1.47002e-05,0
241,0.000139574,0.00104728,0.0016634,1.43092e-05,0
242,0.000133515,0.00101931,0.0016659,1.39271e-05,0
243,0.000148232,0.000991989,0.00166833,1.3554e-05,0
244,0.000164581,0.000966208,0.0016707,1.32035e-05,0
245,0.0001827,0.000941992,0.001673,1.28758e-05,0
246,0.000202915,0.000919368,0.00167524,1.25714e-05,0
247,0.000225586,0.000898377,0.00167743,1.22908e-05,0
248,0.00025095,0.000879075,0.00167956,1.20348e-05,0
249,0.000279359,0.000861525,0.00168165,1.18044e-05,0
250,0.000311216,0.000845806,0.0016837,1.16006e-05,0
251,0.000346985,0.00083201,0.00168571,1.14249e-05,0
252,0.000387202,0.000820249,0.00168769,1.12789e-05,0
253,0.000432481,0.000810652,0.00168965,1.11646e-05,0
254,0.000483537,0.000803374,0.00169158,1.10841e-05,0
255,0.000541194,0.000798594,0.0016935,1.10403e-05,0
256,0.000606411,0.000796524,0.00169542,1.10363e-05,0
257,0.000680303,0.00079741,0.00169733,1.10757e-05,0
258,0.000764167,0.000801539,0.00169925,1.11628e-05,0
259,0.000859373,0.000809248,0.00170118,1.13028e-05,0
260,0.000959534,0.000820923,0.00170314,1.15012e-05,0
261,0.001066,0.000836653,0.00170514,1.17595e-05,0
262,0.00118369,0.000856586,0.00170718,1.20797e-05,0
263,0.00131382,0.000881081,0.00170927,1.2467e-05,0
264,0.00145771,0.000910541,0.00171144,1.29276e-05,0
265,0.0016168,0.000945414,0.00171369,1.3468e-05,0
