"Time","Infected","Quarantined","Deceased","Hospitalized","Output"
1,0.000678866,0.00179539,0.000763556,4.73353e-05,0
2,0.000668031,0.00178498,0.000772567,4.74689e-05,0
3,0.000657873,0.00177495,0.000781608,4.74855e-05,0
4,0.000647855,0.0017652,0.000790651,4.74067e-05,0
5,0.000637975,0.0017556,0.000799678,4.72461e-05,0
6,0.000628232,0.00174608,0.000808671,4.70159e-05,0
7,0.000618625,0.00173657,0.000817615,4.67263e-05,0
8,0.000609152,0.001727,0.000826498,4.63865e-05,0
9,0.000599812,0.00171733,0.000835308,4.60042e-05,0
10,0.000590604,0.00170752,0.000844037,4.55862e-05,0
11,0.000581553,0.00169755,0.000852678,4.51384e-05,0
12,0.000572645,0.00168739,0.000861225,4.46661e-05,0
13,0.00056388,0.00167702,0.000869672,4.41739e-05,0
14,0.00055526,0.00166644,0.000878016,4.36655e-05,0
15,0.000546787,0.00165564,0.000886254,4.31445e-05,0
16,0.000538462,0.00164462,0.000894382,4.26137e-05,0
17,0.00053029,0.00163337,0.0009024,4.20759e-05,0
18,0.000522271,0.00162189,0.000910306,4.15333e-05,0
19,0.000514411,0.00161021,0.000918099,4.09879e-05,0
20,0.000506717,0.00159831,0.000925779,4.04416e-05,0
21,0.000499196,0.00158621,0.000933347,3.98959e-05,0
22,0.000491844,0.00157392,0.000940802,3.93523e-05,0
23,0.00048468,0.00156145,0.000948145,3.8812e-05,0
24,0.000477715,0.00154882,0.000955378,3.82764e-05,0
25,0.000470967,0.00153602,0.000962501,3.77466e-05,0
26,0.000464449,0.00152309,0.000969516,3.72239e-05,0
27,0.000458187,0.00151004,0.000976425,3.67093e-05,0
28,0.000452206,0.00149687,0.000983229,3.62042e-05,0
29,0.000445912,0.00148361,0.000989932,3.57099e-05,0
30,0.000439658,0.00147026,0.000996534,3.52221e-05,0
31,0.00043345,0.00145685,0.00100304,3.47402e-05,0
32,0.000427288,0.00144337,0.00100944,3.4264e-05,0
33,0.000421175,0.00142983,0.00101576,3.3793e-05,0
34,0.000415113,0.00141625,0.00102197,3.33271e-05,0
35,0.000409105,0.00140263,0.0010281,3.2866e-05,0
36,0.000403151,0.00138898,0.00103413,3.24095e-05,0
37,0.000397254,0.0013753,0.00104007,3.19576e-05,0
38,0.000391414,0.00136159,0.00104592,3.15101e-05,0
39,0.000385634,0.00134788,0.00105169,3.10671e-05,0
40,0.000379914,0.00133415,0.00105736,3.06283e-05,0
41,0.000374255,0.00132043,0.00106295,3.01939e-05,0
42,0.000368658,0.0013067,0.00106845,2.97638e-05,0
43,0.000363124,0.00129298,0.00107387,2.93379e-05,0
44,0.000357653,0.00127927,0.00107921,2.89164e-05,0
45,0.000352248,0.00126558,0.00108446,2.84992e-05,0
46,0.000346905,0.00125191,0.00108963,2.80863e-05,0
47,0.000341627,0.00123826,0.00109473,2.76777e-05,0
48,0.000336414,0.00122464,0.00109974,2.72735e-05,0
49,0.000331266,0.00121106,0.00110467,2.68737e-05,0
50,0.000326184,0.00119751,0.00110953,2.64782e-05,0
51,0.000321169,0.00118401,0.00111431,2.60872e-05,0
52,0.000316221,0.00117054,0.00111901,2.57006e-05,0
53,0.00031134,0.00115713,0.00112364,2.53184e-05,0
54,0.000306527,0.00114377,0.0011282,2.49408e-05,0
55,0.000301784,0.00113046,0.00113268,2.45677e-05,0
56,0.000297111,0.00111721,0.0011371,2.41991e-05,0
57,0.000292507,0.00110402,0.00114144,2.38352e-05,0
58,0.000287975,0.0010909,0.00114571,2.34759e-05,0
59,0.000283517,0.00107784,0.00114992,2.31213e-05,0
60,0.000279099,0.00106486,0.00115405,2.27714e-05,0
61,0.000274744,0.00105194,0.00115812,2.24261e-05,0
62,0.000270451,0.00103911,0.00116213,2.20852e-05,0
63,0.000266221,0.00102635,0.00116607,2.17488e-05,0
64,0.000262054,0.00101368,0.00116995,2.14168e-05,0
65,0.00025795,0.00100108,0.00117376,2.10893e-05,0
66,0.00025391,0.000988574,0.00117752,2.07662e-05,0
67,0.000249936,0.000976153,0.00118121,2.04476e-05,0
68,0.000246027,0.000963822,0.00118484,2.01335e-05,0
69,0.000242187,0.000951582,0.00118842,1.98239e-05,0
70,0.000238418,0.000939435,0.00119193,1.95187e-05,0
71,0.000234721,0.000927383,0.00119539,1.92182e-05,0
72,0.000231042,0.000915428,0.00119879,1.89224e-05,0
73,0.000227416,0.000903572,0.00120214,1.86307e-05,0
74,0.000223841,0.000891815,0.00120544,1.83433e-05,0
75,0.000220328,0.000880159,0.00120868,1.80599e-05,0
76,0.00021687,0.000868605,0.00121187,1.77806e-05,0
77,0.000213467,0.000857154,0.001215,1.75054e-05,0
78,0.000210152,0.000845806,0.00121809,1.72342e-05,0
79,0.000206909,0.000834564,0.00122112,1.69675e-05,0
80,0.000203742,0.000823429,0.00122411,1.67051e-05,0
81,0.000200655,0.000812401,0.00122705,1.64473e-05,0
82,0.000197653,0.000801482,0.00122994,1.61942e-05,0
83,0.000194743,0.000790675,0.00123278,1.5946e-05,0
84,0.000191932,0.000779981,0.00123558,1.57029e-05,0
85,0.00018923,0.000769402,0.00123834,1.54651e-05,0
86,0.000186648,0.000758941,0.00124105,1.5233e-05,0
87,0.000184254,0.0007486,0.00124372,1.50069e-05,0
88,0.000181902,0.000738382,0.00124635,1.47877e-05,0
89,0.000179697,0.000728292,0.00124893,1.4575e-05,0
90,0.00017766,0.000718333,0.00125148,1.43693e-05,0
91,0.000175817,0.000708508,0.00125399,1.41713e-05,0
92,0.000216651,0.000698823,0.00125647,1.39816e-05,0
93,0.000270798,0.000689776,0.00125891,1.41913e-05,0
94,0.000338036,0.000681897,0.00126139,1.48715e-05,0
95,0.000419551,0.000675767,0.00126399,1.60822e-05,0
96,0.000517267,0.000672017,0.00126682,1.78864e-05,0
97,0.000635771,0.000671342,0.00126997,2.03568e-05,0
98,0.000778274,0.000674537,0.00127359,2.35982e-05,0
99,0.00095194,0.00068251,0.00127782,2.77312e-05,0
100,0.00116358,0.000696339,0.00128284,3.29257e-05,0
101,0.00142146,0.000717313,0.00128888,3.93913e-05,0
102,0.0013982,0.000746978,0.00129624,4.73845e-05,0
103,0.00137527,0.000783281,0.00130526,5.41187e-05,0
104,0.00135268,0.000824726,0.00131574,5.9757e-05,0
105,0.00133042,0.000870032,0.00132746,6.44433e-05,0
106,0.00130848,0.000918111,0.00134025,6.8304e-05,0
107,0.00128687,0.000968038,0.00135393,7.145e-05,0
108,0.00126556,0.00101904,0.00136835,7.39781e-05,0
109,0.00124457,0.00107045,0.00138337,7.5973e-05,0
110,0.00122389,0.00112174,0.00139886,7.75082e-05,0
111,0.00120352,0.00117244,0.00141472,7.86479e-05,0
112,0.00118345,0.0012222,0.00143086,7.94477e-05,0
113,0.00116368,0.00127071,0.00144719,7.99558e-05,0
114,0.0011442,0.00131772,0.00146365,8.02142e-05,0
115,0.00112502,0.00136304,0.00148017,8.0259e-05,0
116,0.00110612,0.00140654,0.00149669,8.01216e-05,0
117,0.00108752,0.00144808,0.00151319,7.98291e-05,0
118,0.00106919,0.0014876,0.00152962,7.9405e-05,0
119,0.00105114,0.00152504,0.00154594,7.88694e-05,0
120,0.00103337,0.00156036,0.00156213,7.824e-05,0
121,0.00101587,0.00159356,0.00157817,7.75317e-05,0
122,0.000998643,0.00162463,0.00159403,7.67576e-05,0
123,0.000981679,0.00165359,0.00160972,7.5929e-05,0
124,0.000964977,0.00168047,0.0016252,7.50554e-05,0
125,0.000948533,0.0017053,0.00164047,7.41454e-05,0
126,0.000932346,0.00172812,0.00165553,7.3206e-05,0
127,0.000916411,0.00174898,0.00167036,7.22435e-05,0
128,0.000900725,0.00176793,0.00168496,7.12631e-05,0
129,0.000885284,0.00178502,0.00169934,7.02695e-05,0
130,0.000870085,0.00180032,0.00171348,6.92666e-05,0
131,0.000855125,0.00181388,0.00172738,6.82577e-05,0
132,0.000840402,0.00182576,0.00174105,6.72458e-05,0
133,0.000825912,0.00183602,0.00175449,6.62333e-05,0
134,0.000811652,0.00184473,0.00176769,6.52224e-05,0
135,0.00079762,0.00185195,0.00178066,6.42148e-05,0
136,0.000783812,0.00185772,0.0017934,6.32121e-05,0
137,0.000770226,0.00186213,0.00180591,6.22156e-05,0
138,0.00075686,0.00186522,0.00181819,6.12265e-05,0
139,0.00074371,0.00186705,0.00183025,6.02457e-05,0
140,0.000730774,0.00186768,0.00184208,5.9274e-05,0
141,0.000718049,0.00186717,0.0018537,5.8312e-05,0
142,0.000705532,0.00186557,0.00186511,5.73603e-05,0
143,0.000693249,0.00186293,0.0018763,5.64194e-05,0
144,0.000681183,0.0018593,0.00188728,5.549e-05,0
145,0.000669335,0.00185473,0.00189806,5.45724e-05,0
146,0.000657705,0.00184928,0.00190864,5.36669e-05,0
147,0.000646294,0.00184299,0.00191902,5.2774e-05,0
148,0.000635104,0.0018359,0.0019292,5.18938e-05,0
149,0.000624138,0.00182806,0.00193919,5.10267e-05,0
150,0.0006134,0.00181951,0.00194899,5.01729e-05,0
151,0.000602885,0.00181029,0.00195861,4.93328e-05,0
152,0.000592606,0.00180045,0.00196805,4.85064e-05,0
153,0.000582534,0.00179003,0.00197731,4.76941e-05,0
154,0.000572696,0.00177905,0.0019864,4.68959e-05,0
155,0.000563102,0.00176757,0.00199532,4.6112e-05,0
156,0.000553764,0.00175561,0.00200407,4.53427e-05,0
157,0.000544695,0.00174321,0.00201266,4.45884e-05,0
158,0.000535912,0.0017304,0.00202109,4.38496e-05,0
159,0.000527435,0.00171722,0.00202937,4.31268e-05,0
160,0.000518755,0.0017037,0.00203749,4.24206e-05,0
161,0.000510177,0.00168987,0.00204547,4.1727e-05,0
162,0.000501701,0.00167575,0.0020533,4.10453e-05,0
163,0.000493329,0.00166137,0.002061,4.03747e-05,0
164,0.000485062,0.00164674,0.00206855,3.97147e-05,0
165,0.0004769,0.0016319,0.00207597,3.90649e-05,0
166,0.000468844,0.00161685,0.00208325,3.84249e-05,0
167,0.000460896,0.00160161,0.00209041,3.77943e-05,0
168,0.000453054,0.00158622,0.00209743,3.71728e-05,0
169,0.000445319,0.00157067,0.00210433,3.65602e-05,0
170,0.000437692,0.00155499,0.0021111,3.59563e-05,0
171,0.000430172,0.00153919,0.00211776,3.5361e-05,0
172,0.00042276,0.00152328,0.00212429,3.47739e-05,0
173,0.000415456,0.00150728,0.0021307,3.41951e-05,0
174,0.000408258,0.00149121,0.002137,3.36244e-05,0
175,0.000401167,0.00147506,0.00214318,3.30618e-05,0
176,0.000394183,0.00145886,0.00214925,3.2507e-05,0
177,0.000387304,0.00144262,0.00215522,3.19601e-05,0
178,0.000380531,0.00142635,0.00216107,3.14209e-05,0
179,0.000373863,0.00141005,0.00216681,3.08894e-05,0
180,0.000367299,0.00139374,0.00217245,3.03656e-05,0
181,0.000360839,0.00137742,0.00217799,2.98493e-05,0
182,0.000354482,0.00136111,0.00218343,2.93406e-05,0
183,0.000348228,0.00134482,0.00218876,2.88394e-05,0
184,0.000342077,0.00132854,0.002194,2.83455e-05,0
185,0.000336018,0.0013123,0.00219914,2.78591e-05,0
186,0.000330057,0.00129609,0.00220419,2.73799e-05,0
187,0.000324193,0.00127993,0.00220914,2.69079e-05,0
188,0.000318425,0.00126382,0.00221401,2.64431e-05,0
189,0.000312752,0.00124776,0.00221878,2.59853e-05,0
190,0.000307174,0.00123177,0.00222347,2.55346e-05,0
191,0.000301688,0.00121584,0.00222806,2.50908e-05,0
192,0.000296295,0.0012,0.00223258,2.46538e-05,0
193,0.000290993,0.00118423,0.00223701,2.42238e-05,0
194,0.000285781,0.00116854,0.00224135,2.38005e-05,0
195,0.000280663,0.00115295,0.00224562,2.33839e-05,0
196,0.000275635,0.00113745,0.00224981,2.29739e-05,0
197,0.000270696,0.00112205,0.00225392,2.25707e-05,0
198,0.000265846,0.00110675,0.00225795,2.2174e-05,0
199,0.000261087,0.00109155,0.00226191,2.17838e-05,0
200,0.000256418,0.00107647,0.00226579,2.14002e-05,0
201,0.000251842,0.0010615,0.0022696,2.10231e-05,0
202,0.000247358,0.00104664,0.00227334,2.06524e-05,0
203,0.000242968,0.00103191,0.00227701,2.02883e-05,0
204,0.000238675,0.0010173,0.00228062,1.99306e-05,0
205,0.000234533,0.00100282,0.00228415,1.95796e-05,0
206,0.000230554,0.000988466,0.00228762,1.92355e-05,0
207,0.000226736,0.000974247,0.00229103,1.88992e-05,0
208,0.000222962,0.000960168,0.00229437,1.8571e-05,0
209,0.000219325,0.000946231,0.00229766,1.82503e-05,0
210,0.000215839,0.000932441,0.00230088,1.79373e-05,0
211,0.000212521,0.000918801,0.00230405,1.76325e-05,0
212,0.000209392,0.000905317,0.00230716,1.73364e-05,0
213,0.000206471,0.000891993,0.00231021,1.70495e-05,0
214,0.000203793,0.000878835,0.00231321,1.67726e-05,0
215,0.000200985,0.00086585,0.00231616,1.65066e-05,0
216,0.000198265,0.000853042,0.00231906,1.6249e-05,0
217,0.000195641,0.000840412,0.00232192,1.59994e-05,0
218,0.000193122,0.000827964,0.00232473,1.57576e-05,0
219,0.000190721,0.000815699,0.00232749,1.55238e-05,0
220,0.000188451,0.000803622,0.00233022,1.52978e-05,0
221,0.00018633,0.000791733,0.0023329,1.50799e-05,0
222,0.000184376,0.000780037,0.00233554,1.48705e-05,0
223,0.000182613,0.000768536,0.00233814,1.467e-05,0
224,0.000180501,0.000757234,0.00234071,1.44789e-05,0
225,0.000178368,0.00074613,0.00234324,1.42929e-05,0
226,0.000176217,0.000735221,0.00234574,1.41111e-05,0
227,0.000216373,0.000724504,0.0023482,1.39329e-05,0
228,0.000265064,0.000714466,0.00235063,1.41462e-05,0
229,0.000324125,0.000705573,0.0023531,1.47795e-05,0
230,0.000395789,0.000698324,0.00235569,1.58742e-05,0
231,0.000482725,0.000693266,0.00235848,1.74869e-05,0
232,0.000588238,0.000691015,0.00236156,1.96912e-05,0
233,0.000716306,0.000692273,0.00236505,2.25816e-05,0
234,0.000871753,0.000697863,0.00236908,2.62764e-05,0
235,0.00106043,0.000708746,0.00237383,3.09224e-05,0
236,0.0012894,0.000726066,0.00237947,3.67003e-05,0
237,0.00126539,0.000751187,0.00238628,4.38311e-05,0
238,0.00124182,0.000782243,0.00239455,4.98108e-05,0
239,0.00121866,0.00081787,0.00240409,5.47902e-05,0
240,0.00119591,0.000856905,0.00241471,5.89016e-05,0
241,0.00117356,0.000898361,0.00242625,6.22611e-05,0
242,0.0011516,0.000941402,0.00243854,6.49705e-05,0
243,0.00113003,0.000985324,0.00245145,6.71187e-05,0
244,0.00110884,0.00102954,0.00246486,6.87833e-05,0
245,0.00108804,0.00107356,0.00247865,7.00318e-05,0
246,0.00106758,0.00111697,0.00249274,7.09228e-05,0
247,0.00104748,0.00115946,0.00250703,7.15072e-05,0
248,0.00102774,0.00120074,0.00252146,7.1829e-05,0
249,0.00100834,0.0012406,0.00253597,7.19265e-05,0
250,0.000989291,0.00127888,0.0025505,7.18328e-05,0
251,0.000970582,0.00131545,0.002565,7.15767e-05,0
252,0.000952208,0.00135021,0.00257945,7.11828e-05,0
253,0.000934168,0.00138308,0.00259381,7.06728e-05,0
254,0.000916455,0.00141404,0.00260804,7.00651e-05,0
255,0.000899068,0.00144306,0.00262213,6.93758e-05,0
256,0.000882004,0.00147012,0.00263606,6.86186e-05,0
257,0.000865259,0.00149524,0.00264982,6.78055e-05,0
258,0.000848833,0.00151843,0.00266338,6.69468e-05,0
259,0.000832676,0.00153973,0.00267675,6.60515e-05,0
260,0.000816803,0.00155916,0.00268991,6.51269e-05,0
261,0.000801216,0.00157677,0.00270286,6.41793e-05,0
262,0.00078591,0.00159262,0.00271559,6.32143e-05,0
263,0.000770882,0.00160674,0.0027281,6.22369e-05,0
264,0.000756127,0.00161919,0.00274038,6.1251e-05,0
265,0.000741641,0.00163003,0.00275245,6.02602e-05,0
