"Time","Infected","Quarantined","Deceased","Hospitalized","Output"
1,0.000204208,0.00180558,0.000597271,2.99619e-05,0
2,0.000189418,0.00180478,0.000602728,2.86273e-05,0
3,0.000175522,0.00180308,0.000607923,2.73356e-05,0
4,0.00016265,0.00180052,0.000612868,2.60873e-05,0
5,0.000150726,0.00179714,0.000617572,2.4884e-05,0
6,0.000139681,0.00179298,0.000622044,2.37263e-05,0
7,0.000129449,0.00178808,0.000626296,2.26148e-05,0
8,0.00011997,0.00178249,0.000630336,2.15494e-05,0
9,0.000111189,0.00177623,0.000634175,2.05298e-05,0
10,0.000103055,0.00176935,0.000637823,1.95554e-05,0
11,9.55216e-05,0.00176189,0.000641288,1.86255e-05,0
12,8.85434e-05,0.00175388,0.000644581,1.7739e-05,0
13,8.20799e-05,0.00174536,0.00064771,1.68949e-05,0
14,7.60932e-05,0.00173637,0.000650682,1.60919e-05,0
15,7.05487e-05,0.00172694,0.000653508,1.53287e-05,0
16,6.54139e-05,0.0017171,0.000656194,1.46041e-05,0
17,6.06603e-05,0.00170688,0.000658748,1.39165e-05,0
18,5.62589e-05,0.00169631,0.000661177,1.32645e-05,0
19,5.81472e-05,0.00168542,0.000663489,1.26468e-05,0
20,6.01642e-05,0.00167424,0.000665689,1.20956e-05,0
21,6.22617e-05,0.00166281,0.00066779,1.16055e-05,0
22,6.4423e-05,0.00165119,0.000669803,1.11711e-05,0
23,6.66502e-05,0.0016394,0.000671739,1.07875e-05,0
24,6.89687e-05,0.0016275,0.000673606,1.04503e-05,0
25,7.13865e-05,0.0016155,0.000675413,1.01557e-05,0
26,7.39108e-05,0.00160344,0.000677168,9.90016e-06,0
27,7.65511e-05,0.00159136,0.000678877,9.68071e-06,0
28,7.93228e-05,0.00157926,0.000680548,9.49459e-06,0
29,8.20522e-05,0.00156718,0.000682185,9.33946e-06,0
30,8.47365e-05,0.00155513,0.000683795,9.21217e-06,0
31,8.74976e-05,0.00154314,0.000685383,9.10988e-06,0
32,9.03379e-05,0.00153122,0.000686953,9.03071e-06,0
33,9.32609e-05,0.00151939,0.000688508,8.97296e-06,0
34,9.62694e-05,0.00150766,0.000690054,8.93511e-06,0
35,9.93661e-05,0.00149604,0.000691592,8.91583e-06,0
36,0.000102554,0.00148454,0.000693128,8.91389e-06,0
37,0.000105837,0.00147317,0.000694663,8.92822e-06,0
38,0.000109216,0.00146195,0.0006962,8.95787e-06,0
39,0.000112697,0.00145089,0.000697743,9.00199e-06,0
40,0.000116281,0.00143998,0.000699294,9.05982e-06,0
41,0.000119973,0.00142923,0.000700854,9.1307e-06,0
42,0.000123776,0.00141867,0.000702428,9.21406e-06,0
43,0.000127693,0.00140828,0.000704016,9.3094e-06,0
44,0.000131729,0.00139808,0.00070562,9.41628e-06,0
45,0.00013592,0.00138808,0.000707244,9.53432e-06,0
46,0.000140321,0.00137827,0.000708889,9.6634e-06,0
47,0.000144907,0.00136866,0.000710556,9.80372e-06,0
48,0.000149572,0.00135926,0.000712249,9.95532e-06,0
49,0.000154458,0.00135008,0.000713968,1.01176e-05,0
50,0.000159593,0.00134112,0.000715716,1.02909e-05,0
51,0.000165004,0.00133237,0.000717495,1.04756e-05,0
52,0.000170728,0.00132386,0.000719306,1.06723e-05,0
53,0.000176805,0.00131558,0.000721153,1.08816e-05,0
54,0.000183284,0.00130754,0.000723037,1.11044e-05,0
55,0.000190227,0.00129975,0.00072496,1.13418e-05,0
56,0.000197697,0.00129221,0.000726927,1.15951e-05,0
57,0.000205784,0.00128493,0.000728938,1.18658e-05,0
58,0.000214589,0.00127792,0.000730998,1.21559e-05,0
59,0.000224237,0.00127119,0.00073311,1.24676e-05,0
60,0.000232844,0.00126475,0.000735277,1.28037e-05,0
61,0.000240475,0.00125862,0.000737506,1.31562e-05,0
62,0.000248318,0.00125279,0.000739798,1.35179e-05,0
63,0.000256383,0.00124729,0.000742155,1.38893e-05,0
64,0.000264679,0.0012421,0.000744579,1.42707e-05,0
65,0.000273216,0.00123723,0.000747073,1.46626e-05,0
66,0.000282005,0.00123269,0.000749637,1.50654e-05,0
67,0.000291056,0.00122847,0.000752275,1.54795e-05,0
68,0.000300382,0.00122458,0.000754989,1.59055e-05,0
69,0.000309996,0.00122103,0.00075778,1.63437e-05,0
70,0.000319913,0.00121782,0.000760652,1.67948e-05,0
71,0.00033015,0.00121496,0.000763606,1.72592e-05,0
72,0.00034066,0.00121245,0.000766646,1.77376e-05,0
73,0.000351438,0.00121029,0.000769775,1.82303e-05,0
74,0.00036254,0.00120849,0.000772994,1.87375e-05,0
75,0.00037398,0.00120706,0.000776307,1.92597e-05,0
76,0.000385765,0.001206,0.000779718,1.97974e-05,0
77,0.000397914,0.00120532,0.000783229,2.03512e-05,0
78,0.000410443,0.00120502,0.000786843,2.09216e-05,0
79,0.000423352,0.00120512,0.000790564,2.15094e-05,0
80,0.000436671,0.00120561,0.000794396,2.21149e-05,0
81,0.000450418,0.00120651,0.000798342,2.27391e-05,0
82,0.000464611,0.00120783,0.000802406,2.33824e-05,0
83,0.00047927,0.00120957,0.000806592,2.40458e-05,0
84,0.000494416,0.00121174,0.000810904,2.473e-05,0
85,0.000510071,0.00121435,0.000815347,2.54357e-05,0
86,0.000526261,0.00121741,0.000819925,2.6164e-05,0
87,0.00054301,0.00122093,0.000824643,2.69156e-05,0
88,0.000560251,0.00122493,0.000829507,2.76917e-05,0
89,0.00057803,0.0012294,0.00083452,2.84927e-05,0
90,0.00059641,0.00123437,0.00083969,2.93193e-05,0
91,0.000615418,0.00123984,0.000845021,3.01726e-05,0
92,0.000570548,0.00124582,0.000850519,3.10535e-05,0
93,0.000528618,0.00125234,0.000856191,3.15969e-05,0
94,0.000489828,0.00125915,0.00086197,3.18516e-05,0
95,0.000453909,0.00126606,0.000867799,3.18631e-05,0
96,0.000420676,0.00127289,0.000873631,3.16708e-05,0
97,0.000389932,0.00127951,0.000879424,3.13093e-05,0
98,0.000361496,0.0012858,0.000885146,3.08089e-05,0
99,0.000335197,0.00129169,0.00089077,3.01959e-05,0
100,0.00031088,0.00129708,0.000896272,2.9493e-05,0
101,0.000288401,0.00130193,0.000901637,2.87199e-05,0
102,0.000267626,0.0013062,0.000906851,2.78935e-05,0
103,0.000248432,0.00130986,0.000911904,2.70285e-05,0
104,0.000230706,0.00131288,0.000916789,2.61372e-05,0
105,0.000214342,0.00131526,0.000921502,2.52304e-05,0
106,0.000199244,0.001317,0.000926041,2.4317e-05,0
107,0.000185322,0.00131809,0.000930405,2.34047e-05,0
108,0.000172481,0.00131855,0.000934595,2.24998e-05,0
109,0.000160655,0.00131839,0.000938614,2.16076e-05,0
110,0.000149772,0.00131762,0.000942464,2.07325e-05,0
111,0.000139769,0.00131627,0.00094615,1.9878e-05,0
112,0.000130586,0.00131435,0.000949676,1.90471e-05,0
113,0.000122168,0.00131188,0.000953047,1.82419e-05,0
114,0.000114465,0.0013089,0.000956268,1.74643e-05,0
115,0.000107431,0.00130542,0.000959346,1.67155e-05,0
116,0.000101025,0.00130147,0.000962286,1.59965e-05,0
117,9.43769e-05,0.00129708,0.000965094,1.5308e-05,0
118,8.81627e-05,0.00129228,0.000967776,1.46455e-05,0
119,8.23541e-05,0.00128707,0.000970338,1.40091e-05,0
120,7.69251e-05,0.0012815,0.000972784,1.33984e-05,0
121,8.04855e-05,0.00127557,0.000975119,1.2813e-05,0
122,8.4092e-05,0.00126932,0.000977349,1.23017e-05,0
123,8.773e-05,0.00126279,0.000979487,1.18575e-05,0
124,9.14045e-05,0.00125603,0.000981546,1.14743e-05,0
125,9.51166e-05,0.0012491,0.000983536,1.11466e-05,0
126,9.88783e-05,0.00124202,0.000985467,1.08694e-05,0
127,0.000102696,0.00123483,0.000987348,1.06382e-05,0
128,0.000106575,0.00122758,0.000989189,1.0449e-05,0
129,0.000110519,0.00122028,0.000990996,1.02982e-05,0
130,0.000114535,0.00121296,0.000992776,1.01826e-05,0
131,0.000118628,0.00120565,0.000994536,1.00993e-05,0
132,0.000122806,0.00119837,0.00099628,1.00457e-05,0
133,0.000127072,0.00119113,0.000998016,1.00196e-05,0
134,0.000131434,0.00118397,0.000999746,1.00188e-05,0
135,0.000135895,0.00117689,0.00100148,1.00417e-05,0
136,0.000140463,0.0011699,0.00100321,1.00864e-05,0
137,0.000145173,0.00116303,0.00100495,1.01518e-05,0
138,0.000150068,0.00115629,0.00100671,1.02365e-05,0
139,0.00015514,0.00114968,0.00100848,1.034e-05,0
140,0.000160408,0.00114322,0.00101026,1.04615e-05,0
141,0.000165893,0.00113692,0.00101207,1.06004e-05,0
142,0.000171619,0.00113079,0.00101391,1.07563e-05,0
143,0.000177618,0.00112483,0.00101577,1.09292e-05,0
144,0.000183919,0.00111906,0.00101766,1.11189e-05,0
145,0.000190565,0.00111349,0.00101959,1.13257e-05,0
146,0.000197605,0.00110813,0.00102155,1.15499e-05,0
147,0.000205093,0.00110298,0.00102355,1.17922e-05,0
148,0.000213096,0.00109806,0.0010256,1.20535e-05,0
149,0.000221694,0.00109337,0.00102769,1.23349e-05,0
150,0.000230981,0.00108893,0.00102984,1.2638e-05,0
151,0.000241052,0.00108475,0.00103204,1.29647e-05,0
152,0.000252039,0.00108084,0.00103429,1.33173e-05,0
153,0.000261882,0.00107721,0.00103662,1.36986e-05,0
154,0.000270666,0.00107389,0.001039,1.40994e-05,0
155,0.000279697,0.00107088,0.00104147,1.4512e-05,0
156,0.000288988,0.00106819,0.001044,1.49367e-05,0
157,0.00029855,0.00106582,0.00104662,1.53738e-05,0
158,0.000308398,0.00106377,0.00104931,1.58238e-05,0
159,0.000318546,0.00106205,0.00105209,1.62872e-05,0
160,0.000328888,0.00106067,0.00105495,1.67644e-05,0
161,0.000339448,0.00105963,0.0010579,1.72552e-05,0
162,0.000350299,0.00105894,0.00106094,1.77597e-05,0
163,0.000361451,0.0010586,0.00106407,1.82783e-05,0
164,0.000372912,0.00105861,0.0010673,1.88113e-05,0
165,0.000384695,0.00105899,0.00107063,1.93593e-05,0
166,0.000396808,0.00105974,0.00107406,1.99226e-05,0
167,0.000409264,0.00106086,0.00107759,2.05017e-05,0
168,0.000422072,0.00106237,0.00108123,2.10972e-05,0
169,0.000435245,0.00106426,0.00108499,2.17095e-05,0
170,0.000448792,0.00106654,0.00108886,2.23392e-05,0
171,0.000462727,0.00106923,0.00109284,2.29867e-05,0
172,0.000477062,0.00107233,0.00109696,2.36526e-05,0
173,0.000491809,0.00107584,0.00110119,2.43374e-05,0
174,0.000506982,0.00107978,0.00110556,2.50419e-05,0
175,0.000522595,0.00108416,0.00111006,2.57664e-05,0
176,0.000538662,0.00108897,0.00111471,2.65117e-05,0
177,0.000555197,0.00109424,0.00111949,2.72784e-05,0
178,0.000572215,0.00109997,0.00112442,2.80671e-05,0
179,0.000589731,0.00110616,0.00112951,2.88786e-05,0
180,0.000607762,0.00111284,0.00113476,2.97135e-05,0
181,0.000562708,0.00112,0.00114016,3.05725e-05,0
182,0.000521,0.00112767,0.00114574,3.10952e-05,0
183,0.000482393,0.00113561,0.00115142,3.13328e-05,0
184,0.000446657,0.00114361,0.00115715,3.13299e-05,0
185,0.000413566,0.00115151,0.00116287,3.11259e-05,0
186,0.000382932,0.00115919,0.00116856,3.07548e-05,0
187,0.000354572,0.00116652,0.00117417,3.02466e-05,0
188,0.000328318,0.00117342,0.00117968,2.9627e-05,0
189,0.000304013,0.00117982,0.00118508,2.89185e-05,0
190,0.000281512,0.00118565,0.00119033,2.81406e-05,0
191,0.000260682,0.00119089,0.00119543,2.73099e-05,0
192,0.000241397,0.00119551,0.00120037,2.64407e-05,0
193,0.000223544,0.00119947,0.00120514,2.55453e-05,0
194,0.000207016,0.00120278,0.00120974,2.46341e-05,0
195,0.000191715,0.00120544,0.00121416,2.3716e-05,0
196,0.00017755,0.00120743,0.00121841,2.27983e-05,0
197,0.000164437,0.00120878,0.00122249,2.18873e-05,0
198,0.000152297,0.00120949,0.00122639,2.09882e-05,0
199,0.00014106,0.00120958,0.00123013,2.01051e-05,0
200,0.000130658,0.00120906,0.00123369,1.92414e-05,0
201,0.000121029,0.00120797,0.0012371,1.84e-05,0
202,0.000112117,0.00120631,0.00124035,1.75829e-05,0
203,0.000103868,0.00120412,0.00124345,1.67917e-05,0
204,9.62341e-05,0.00120141,0.00124641,1.60277e-05,0
205,8.91706e-05,0.00119822,0.00124922,1.52916e-05,0
206,8.2638e-05,0.00119456,0.0012519,1.45839e-05,0
207,7.6597e-05,0.00119046,0.00125445,1.39048e-05,0
208,7.09842e-05,0.00118595,0.00125688,1.32543e-05,0
209,7.32553e-05,0.00118105,0.00125919,1.26321e-05,0
210,7.56368e-05,0.00117578,0.00126138,1.20801e-05,0
211,7.8092e-05,0.0011702,0.00126348,1.15923e-05,0
212,8.06242e-05,0.00116435,0.00126549,1.11631e-05,0
213,8.32349e-05,0.00115828,0.00126743,1.07873e-05,0
214,8.59204e-05,0.00115202,0.00126929,1.04603e-05,0
215,8.8692e-05,0.00114562,0.0012711,1.01781e-05,0
216,9.15539e-05,0.0011391,0.00127286,9.93673e-06,0
217,9.4511e-05,0.00113249,0.00127458,9.73302e-06,0
218,9.75686e-05,0.00112581,0.00127626,9.56393e-06,0
219,0.000100733,0.00111911,0.00127791,9.42681e-06,0
220,0.000104009,0.00111238,0.00127953,9.31926e-06,0
221,0.000107407,0.00110566,0.00128114,9.23916e-06,0
222,0.000110932,0.00109897,0.00128273,9.18464e-06,0
223,0.000114596,0.00109232,0.00128431,9.15405e-06,0
224,0.000118276,0.00108573,0.00128589,9.14595e-06,0
225,0.000121979,0.0010792,0.00128747,9.15834e-06,0
226,0.000125787,0.00107277,0.00128905,9.18945e-06,0
227,0.000129705,0.00106643,0.00129063,9.23816e-06,0
228,0.000133736,0.00106019,0.00129222,9.30347e-06,0
229,0.000137883,0.00105408,0.00129383,9.38448e-06,0
230,0.000142184,0.00104809,0.00129544,9.48042e-06,0
231,0.000146686,0.00104224,0.00129708,9.59078e-06,0
232,0.000151374,0.00103653,0.00129873,9.71539e-06,0
233,0.000156263,0.00103097,0.00130041,9.85399e-06,0
234,0.000161376,0.00102557,0.00130211,1.00065e-05,0
235,0.000166733,0.00102034,0.00130384,1.01728e-05,0
236,0.000172365,0.00101529,0.0013056,1.03531e-05,0
237,0.000178301,0.00101042,0.00130739,1.05477e-05,0
238,0.00018458,0.00100573,0.00130921,1.07569e-05,0
239,0.000191247,0.00100125,0.00131107,1.09815e-05,0
240,0.000198357,0.000996968,0.00131297,1.12221e-05,0
241,0.000205964,0.000992902,0.00131492,1.14799e-05,0
242,0.000214154,0.000989059,0.00131691,1.17561e-05,0
243,0.000223016,0.00098545,0.00131895,1.20523e-05,0
244,0.000232659,0.000982084,0.00132104,1.23705e-05,0
245,0.000243211,0.000978975,0.00132319,1.27131e-05,0
246,0.000252576,0.000976136,0.00132541,1.30831e-05,0
247,0.000260838,0.000973582,0.00132768,1.3471e-05,0
248,0.00026932,0.000971323,0.00133003,1.38692e-05,0
249,0.00027803,0.000969361,0.00133245,1.42778e-05,0
250,0.000286979,0.0009677,0.00133495,1.46972e-05,0
251,0.000296174,0.000966344,0.00133752,1.51279e-05,0
252,0.000305627,0.000965298,0.00134017,1.55701e-05,0
253,0.000315349,0.000964565,0.0013429,1.60244e-05,0
254,0.000325349,0.00096415,0.00134571,1.64911e-05,0
255,0.000335642,0.000964058,0.00134861,1.69706e-05,0
256,0.000346239,0.000964294,0.0013516,1.74636e-05,0
257,0.000357156,0.000964862,0.00135468,1.79704e-05,0
258,0.000368409,0.000965769,0.00135785,1.84917e-05,0
259,0.000379961,0.00096702,0.00136111,1.90279e-05,0
260,0.000391777,0.000968622,0.00136448,1.95795e-05,0
261,0.000403899,0.000970581,0.00136795,2.01466e-05,0
262,0.000416366,0.000972903,0.00137153,2.07293e-05,0
263,0.000429188,0.000975594,0.00137521,2.13283e-05,0
264,0.000442376,0.000978662,0.00137901,2.19441e-05,0
265,0.000455943,0.000982113,0.00138292,2.25771e-05,0
