"Time","Infected","Quarantined","Deceased","Hospitalized","Output"
1,3.68457e-05,0.000395221,7.13593e-05,5.85512e-06,1
2,3.47096e-05,0.000390066,7.23591e-05,5.82317e-06,1
3,3.21761e-05,0.000384897,7.33534e-05,5.7835e-06,1
4,2.9833e-05,0.000379683,7.43409e-05,5.73631e-06,1
5,2.76652e-05,0.000374433,7.53201e-05,5.68275e-06,1
6,2.56595e-05,0.000369155,7.62901e-05,5.62383e-06,1
7,2.38036e-05,0.000363859,7.72498e-05,5.56043e-06,1
8,2.20863e-05,0.000358551,7.81986e-05,5.49331e-06,1
9,2.04971e-05,0.000353238,7.91357e-05,5.42313e-06,1
10,1.90262e-05,0.000347928,8.00607e-05,5.35048e-06,1
11,1.76648e-05,0.000342627,8.09731e-05,5.27586e-06,1
12,1.64057e-05,0.000337339,8.18726e-05,5.19971e-06,1
13,1.52401e-05,0.000332072,8.27589e-05,5.1224e-06,1
14,1.41609e-05,0.000326829,8.36319e-05,5.04427e-06,1
15,1.31616e-05,0.000321614,8.44913e-05,4.9656e-06,1
16,1.22361e-05,0.000316434,8.53372e-05,4.88664e-06,1
17,1.13787e-05,0.00031129,8.61694e-05,4.8076e-06,1
18,1.05931e-05,0.000306186,8.6988e-05,4.72866e-06,1
19,9.86486e-06,0.000301126,8.7793e-05,4.65e-06,1
20,9.18965e-06,0.000296113,8.85844e-05,4.57175e-06,1
21,8.56356e-06,0.000291149,8.93623e-05,4.49403e-06,1
22,7.98291e-06,0.000286237,9.01269e-05,4.41693e-06,1
23,7.44433e-06,0.000281378,9.08781e-05,4.34054e-06,1
24,6.9447e-06,0.000276573,9.16163e-05,4.26492e-06,1
25,6.48111e-06,0.000271825,9.23414e-05,4.19013e-06,1
26,6.0509e-06,0.000267135,9.30536e-05,4.11623e-06,1
27,5.65158e-06,0.000262504,9.37531e-05,4.04325e-06,1
28,5.28088e-06,0.000257932,9.44401e-05,3.97122e-06,1
29,4.93667e-06,0.000253421,9.51147e-05,3.90018e-06,1
30,4.61699e-06,0.000248972,9.57771e-05,3.83014e-06,1
31,4.32004e-06,0.000244584,9.64275e-05,3.76112e-06,1
32,4.04414e-06,0.000240258,9.70661e-05,3.69313e-06,1
33,3.78773e-06,0.000235995,9.7693e-05,3.62618e-06,1
34,3.54938e-06,0.000231794,9.83084e-05,3.56027e-06,1
35,3.32777e-06,0.000227656,9.89125e-05,3.49541e-06,1
36,3.12166e-06,0.00022358,9.95055e-05,3.4316e-06,1
37,2.92993e-06,0.000219567,0.000100088,3.36882e-06,1
38,2.75151e-06,0.000215616,0.000100659,3.30709e-06,1
39,2.58543e-06,0.000211727,0.00010122,3.24639e-06,1
40,2.4308e-06,0.0002079,0.00010177,3.18671e-06,1
41,2.28678e-06,0.000204135,0.00010231,3.12805e-06,1
42,2.1526e-06,0.00020043,0.00010284,3.0704e-06,1
43,2.02754e-06,0.000196786,0.000103361,3.01375e-06,1
44,1.91087e-06,0.000193202,0.000103871,2.95808e-06,1
45,1.80467e-06,0.000189678,0.000104372,2.90339e-06,1
46,1.70541e-06,0.000186212,0.000104864,2.84966e-06,1
47,1.61261e-06,0.000182806,0.000105347,2.79689e-06,1
48,1.52579e-06,0.000179457,0.00010582,2.74505e-06,1
49,1.44456e-06,0.000176165,0.000106285,2.69415e-06,1
50,1.36816e-06,0.00017293,0.000106741,2.64415e-06,1
51,1.30777e-06,0.00016975,0.000107188,2.59506e-06,1
52,1.2505e-06,0.000166626,0.000107628,2.54686e-06,1
53,1.19616e-06,0.000163558,0.000108059,2.49956e-06,1
54,1.1446e-06,0.000160543,0.000108481,2.45312e-06,1
55,1.09564e-06,0.000157582,0.000108896,2.40754e-06,1
56,1.04914e-06,0.000154674,0.000109304,2.36279e-06,1
57,1.00497e-06,0.000151817,0.000109703,2.31887e-06,1
58,9.62982e-07,0.000149011,0.000110095,2.27575e-06,1
59,9.23063e-07,0.000146255,0.00011048,2.23342e-06,1
60,8.85095e-07,0.000143549,0.000110858,2.19187e-06,1
61,8.4897e-07,0.000140891,0.000111228,2.15109e-06,1
62,8.14587e-07,0.000138281,0.000111592,2.11105e-06,1
63,7.8185e-07,0.000135718,0.000111949,2.07175e-06,1
64,7.50668e-07,0.000133201,0.000112299,2.03317e-06,1
65,7.20958e-07,0.00013073,0.000112642,1.99529e-06,1
66,6.92641e-07,0.000128304,0.000112979,1.95812e-06,1
67,6.65641e-07,0.000125921,0.00011331,1.92163e-06,1
68,6.39889e-07,0.000123581,0.000113635,1.88581e-06,1
69,6.15319e-07,0.000121285,0.000113953,1.85065e-06,1
70,5.91867e-07,0.000119029,0.000114266,1.81613e-06,1
71,5.69477e-07,0.000116815,0.000114572,1.78226e-06,1
72,5.47441e-07,0.000114642,0.000114873,1.749e-06,1
73,5.48587e-07,0.000112508,0.000115168,1.71636e-06,1
74,5.48083e-07,0.000110414,0.000115458,1.68436e-06,1
75,5.46113e-07,0.00010836,0.000115742,1.65298e-06,1
76,5.42846e-07,0.000106345,0.000116021,1.62221e-06,1
77,5.38436e-07,0.000104367,0.000116295,1.59203e-06,1
78,5.33022e-07,0.000102427,0.000116564,1.56242e-06,1
79,5.26732e-07,0.000100523,0.000116828,1.53338e-06,1
80,5.19679e-07,9.86548e-05,0.000117086,1.50488e-06,1
81,5.1197e-07,9.68214e-05,0.00011734,1.47692e-06,1
82,5.03699e-07,9.50223e-05,0.000117589,1.44948e-06,1
83,4.94951e-07,9.32566e-05,0.000117834,1.42256e-06,1
84,4.85805e-07,9.15238e-05,0.000118074,1.39614e-06,1
85,4.76331e-07,8.98232e-05,0.000118309,1.37021e-06,1
86,4.66455e-07,8.81542e-05,0.00011854,1.34476e-06,1
87,4.60835e-07,8.65161e-05,0.000118767,1.31978e-06,1
88,4.54552e-07,8.49087e-05,0.00011899,1.29528e-06,1
89,4.48346e-07,8.33313e-05,0.000119208,1.27123e-06,1
90,4.41597e-07,8.17834e-05,0.000119422,1.24763e-06,1
91,4.34384e-07,8.02643e-05,0.000119633,1.22447e-06,1
92,4.26776e-07,7.87736e-05,0.000119839,1.20175e-06,1
93,4.18837e-07,7.73105e-05,0.000120042,1.17944e-06,1
94,4.10626e-07,7.58747e-05,0.000120241,1.15755e-06,1
95,4.02195e-07,7.44655e-05,0.000120436,1.13607e-06,1
96,3.93591e-07,7.30824e-05,0.000120627,1.11498e-06,1
97,3.84857e-07,7.17249e-05,0.000120815,1.09428e-06,1
98,3.7603e-07,7.03926e-05,0.000120999,1.07396e-06,1
99,3.67145e-07,6.90849e-05,0.00012118,1.05402e-06,1
100,3.58232e-07,6.78014e-05,0.000121358,1.03445e-06,1
101,3.49319e-07,6.65416e-05,0.000121532,1.01523e-06,1
102,3.40431e-07,6.5305e-05,0.000121703,9.96369e-07,1
103,3.31588e-07,6.40913e-05,0.000121871,9.77854e-07,1
104,3.22811e-07,6.29e-05,0.000122036,9.59679e-07,1
105,3.14115e-07,6.17306e-05,0.000122198,9.41838e-07,1
106,3.05515e-07,6.05829e-05,0.000122356,9.24325e-07,1
107,2.97026e-07,5.94562e-05,0.000122512,9.07133e-07,1
108,2.88657e-07,5.83503e-05,0.000122665,8.90257e-07,1
109,2.80418e-07,5.72649e-05,0.000122815,8.73692e-07,1
110,2.72317e-07,5.61994e-05,0.000122962,8.5743e-07,1
111,2.64363e-07,5.51535e-05,0.000123106,8.41468e-07,1
112,2.56559e-07,5.41269e-05,0.000123248,8.25799e-07,1
113,2.48911e-07,5.31192e-05,0.000123387,8.10417e-07,1
114,2.41423e-07,5.21301e-05,0.000123523,7.95319e-07,1
115,2.34098e-07,5.11592e-05,0.000123657,7.80498e-07,1
116,2.26938e-07,5.02062e-05,0.000123789,7.6595e-07,1
117,2.19943e-07,4.92708e-05,0.000123918,7.5167e-07,1
118,2.13116e-07,4.83526e-05,0.000124044,7.37652e-07,1
119,2.06457e-07,4.74513e-05,0.000124168,7.23892e-07,1
120,1.99965e-07,4.65667e-05,0.00012429,7.10386e-07,1
121,1.93639e-07,4.56983e-05,0.00012441,6.97129e-07,1
122,1.8748e-07,4.4846e-05,0.000124527,6.84116e-07,1
123,1.81484e-07,4.40094e-05,0.000124642,6.71343e-07,1
124,1.75651e-07,4.31882e-05,0.000124755,6.58806e-07,1
125,1.69979e-07,4.23822e-05,0.000124866,6.465e-07,1
126,1.64466e-07,4.15911e-05,0.000124975,6.34421e-07,1
127,1.59109e-07,4.08145e-05,0.000125082,6.22565e-07,1
128,1.53905e-07,4.00523e-05,0.000125187,6.10928e-07,1
129,1.48853e-07,3.93042e-05,0.000125289,5.99506e-07,1
130,1.43949e-07,3.85699e-05,0.00012539,5.88295e-07,1
131,1.3919e-07,3.78492e-05,0.000125489,5.77292e-07,1
132,1.34574e-07,3.71418e-05,0.000125586,5.66492e-07,1
133,1.30097e-07,3.64475e-05,0.000125682,5.55892e-07,1
134,1.25757e-07,3.5766e-05,0.000125775,5.45488e-07,1
135,1.2155e-07,3.50972e-05,0.000125867,5.35277e-07,1
136,1.17473e-07,3.44407e-05,0.000125957,5.25255e-07,1
137,1.13523e-07,3.37963e-05,0.000126045,5.15418e-07,1
138,1.09697e-07,3.31639e-05,0.000126132,5.05764e-07,1
139,1.05992e-07,3.25433e-05,0.000126217,4.96289e-07,1
140,1.02404e-07,3.19341e-05,0.000126301,4.8699e-07,1
141,9.89307e-08,3.13362e-05,0.000126383,4.77863e-07,1
142,9.55688e-08,3.07494e-05,0.000126463,4.68906e-07,1
143,9.23151e-08,3.01735e-05,0.000126542,4.60115e-07,1
144,8.91669e-08,2.96082e-05,0.000126619,4.51488e-07,1
145,8.61209e-08,2.90535e-05,0.000126695,4.4302e-07,1
146,8.31745e-08,2.8509e-05,0.00012677,4.3471e-07,1
147,8.03246e-08,2.79747e-05,0.000126843,4.26555e-07,1
148,7.75685e-08,2.74503e-05,0.000126915,4.18551e-07,1
149,7.49033e-08,2.69356e-05,0.000126985,4.10696e-07,1
150,7.23265e-08,2.64305e-05,0.000127054,4.02987e-07,1
151,6.98353e-08,2.59348e-05,0.000127122,3.95422e-07,1
152,6.74271e-08,2.54483e-05,0.000127188,3.87998e-07,1
153,6.50994e-08,2.49708e-05,0.000127254,3.80712e-07,1
154,6.28497e-08,2.45023e-05,0.000127318,3.73562e-07,1
155,6.06756e-08,2.40424e-05,0.000127381,3.66545e-07,1
156,5.85748e-08,2.35911e-05,0.000127442,3.59658e-07,1
157,5.65448e-08,2.31483e-05,0.000127503,3.52901e-07,1
158,5.45836e-08,2.27136e-05,0.000127562,3.46269e-07,1
159,5.26888e-08,2.22871e-05,0.00012762,3.39761e-07,1
160,5.08584e-08,2.18685e-05,0.000127677,3.33374e-07,1
161,4.90903e-08,2.14577e-05,0.000127733,3.27107e-07,1
162,4.73824e-08,2.10546e-05,0.000127788,3.20956e-07,1
163,4.57329e-08,2.0659e-05,0.000127842,3.14921e-07,1
164,4.41399e-08,2.02708e-05,0.000127895,3.08998e-07,1
165,4.26014e-08,1.98898e-05,0.000127947,3.03186e-07,1
166,4.11156e-08,1.95159e-05,0.000127998,2.97483e-07,1
167,3.9681e-08,1.9149e-05,0.000128048,2.91886e-07,1
168,3.82956e-08,1.8789e-05,0.000128097,2.86393e-07,1
169,3.6958e-08,1.84357e-05,0.000128146,2.81004e-07,1
170,3.56666e-08,1.80889e-05,0.000128193,2.75715e-07,1
171,3.44197e-08,1.77487e-05,0.000128239,2.70526e-07,1
172,3.32159e-08,1.74148e-05,0.000128285,2.65433e-07,1
173,3.20537e-08,1.70872e-05,0.000128329,2.60436e-07,1
174,3.09318e-08,1.67657e-05,0.000128373,2.55532e-07,1
175,2.98488e-08,1.64502e-05,0.000128416,2.5072e-07,1
176,2.88034e-08,1.61406e-05,0.000128458,2.45998e-07,1
177,2.77942e-08,1.58368e-05,0.0001285,2.41365e-07,1
178,2.68202e-08,1.55387e-05,0.00012854,2.36818e-07,1
179,2.588e-08,1.52461e-05,0.00012858,2.32357e-07,1
180,2.49725e-08,1.49591e-05,0.000128619,2.27979e-07,1
181,2.40966e-08,1.46774e-05,0.000128657,2.23684e-07,1
182,2.32512e-08,1.4401e-05,0.000128695,2.19469e-07,1
183,2.24354e-08,1.41297e-05,0.000128732,2.15332e-07,1
184,2.16479e-08,1.38636e-05,0.000128768,2.11274e-07,1
185,2.0888e-08,1.36024e-05,0.000128804,2.07292e-07,1
186,2.01546e-08,1.33462e-05,0.000128838,2.03384e-07,1
187,1.94468e-08,1.30947e-05,0.000128873,1.9955e-07,1
188,1.87638e-08,1.2848e-05,0.000128906,1.95787e-07,1
189,1.81047e-08,1.26058e-05,0.000128939,1.92096e-07,1
190,1.74686e-08,1.23683e-05,0.000128971,1.88473e-07,1
191,1.68548e-08,1.21351e-05,0.000129003,1.84919e-07,1
192,1.62625e-08,1.19064e-05,0.000129034,1.81431e-07,1
193,1.56909e-08,1.16819e-05,0.000129065,1.78009e-07,1
194,1.51394e-08,1.14617e-05,0.000129094,1.74652e-07,1
195,1.46072e-08,1.12456e-05,0.000129124,1.71357e-07,1
196,1.40936e-08,1.10335e-05,0.000129153,1.68124e-07,1
197,1.35981e-08,1.08255e-05,0.000129181,1.64952e-07,1
198,1.31199e-08,1.06213e-05,0.000129209,1.6184e-07,1
199,1.26586e-08,1.0421e-05,0.000129236,1.58786e-07,1
200,1.22134e-08,1.02244e-05,0.000129263,1.55789e-07,1
201,1.17839e-08,1.00315e-05,0.000129289,1.52849e-07,1
202,1.13694e-08,9.84228e-06,0.000129314,1.49964e-07,1
203,1.09695e-08,9.65659e-06,0.00012934,1.47134e-07,1
204,1.05836e-08,9.47439e-06,0.000129364,1.44356e-07,1
205,1.02113e-08,9.29562e-06,0.000129389,1.41631e-07,1
206,9.85211e-09,9.12021e-06,0.000129412,1.38958e-07,1
207,9.50552e-09,8.94809e-06,0.000129436,1.36334e-07,1
208,9.17111e-09,8.77921e-06,0.000129459,1.3376e-07,1
209,8.84846e-09,8.61351e-06,0.000129481,1.31234e-07,1
210,8.53715e-09,8.45093e-06,0.000129503,1.28756e-07,1
211,8.23679e-09,8.2914e-06,0.000129525,1.26325e-07,1
212,7.947e-09,8.13488e-06,0.000129546,1.23939e-07,1
213,7.6674e-09,7.9813e-06,0.000129567,1.21598e-07,1
214,7.39763e-09,7.83061e-06,0.000129587,1.19302e-07,1
215,7.13735e-09,7.68276e-06,0.000129607,1.17048e-07,1
216,6.88623e-09,7.53769e-06,0.000129627,1.14837e-07,1
217,6.64395e-09,7.39535e-06,0.000129646,1.12668e-07,1
218,6.41019e-09,7.25569e-06,0.000129665,1.1054e-07,1
219,6.18466e-09,7.11866e-06,0.000129684,1.08451e-07,1
220,5.96707e-09,6.98421e-06,0.000129702,1.06402e-07,1
221,5.75713e-09,6.8523e-06,0.00012972,1.04392e-07,1
222,5.55458e-09,6.72287e-06,0.000129738,1.02419e-07,1
223,5.35916e-09,6.59587e-06,0.000129755,1.00484e-07,1
224,5.17062e-09,6.47127e-06,0.000129772,9.85853e-08,1
225,4.98871e-09,6.34902e-06,0.000129788,9.67222e-08,1
226,4.81321e-09,6.22907e-06,0.000129804,9.48943e-08,1
227,4.64389e-09,6.11138e-06,0.00012982,9.31009e-08,1
228,4.48052e-09,5.99591e-06,0.000129836,9.13413e-08,1
229,4.32291e-09,5.88262e-06,0.000129851,8.96149e-08,1
230,4.17085e-09,5.77146e-06,0.000129866,8.7921e-08,1
231,4.02414e-09,5.66239e-06,0.000129881,8.62591e-08,1
232,3.88259e-09,5.55539e-06,0.000129896,8.46285e-08,1
233,3.74603e-09,5.4504e-06,0.00012991,8.30287e-08,1
234,3.61427e-09,5.34739e-06,0.000129924,8.14591e-08,1
235,3.48715e-09,5.24632e-06,0.000129938,7.99191e-08,1
236,3.36451e-09,5.14716e-06,0.000129951,7.84081e-08,1
237,3.24618e-09,5.04987e-06,0.000129964,7.69257e-08,1
238,3.13202e-09,4.95441e-06,0.000129977,7.54712e-08,1
239,3.02188e-09,4.86076e-06,0.00012999,7.40442e-08,1
240,2.91562e-09,4.76887e-06,0.000130002,7.26441e-08,1
241,2.81309e-09,4.67871e-06,0.000130014,7.12705e-08,1
242,2.71418e-09,4.59026e-06,0.000130026,6.99228e-08,1
243,2.61875e-09,4.50347e-06,0.000130038,6.86005e-08,1
244,2.52667e-09,4.41833e-06,0.00013005,6.73031e-08,1
245,2.43784e-09,4.33479e-06,0.000130061,6.60303e-08,1
246,2.35213e-09,4.25282e-06,0.000130072,6.47815e-08,1
247,2.26944e-09,4.17241e-06,0.000130083,6.35563e-08,1
248,2.18966e-09,4.09351e-06,0.000130094,6.23542e-08,1
249,2.11269e-09,4.0161e-06,0.000130104,6.11748e-08,1
250,2.03843e-09,3.94015e-06,0.000130114,6.00177e-08,1
251,1.96678e-09,3.86564e-06,0.000130124,5.88825e-08,1
252,1.89765e-09,3.79253e-06,0.000130134,5.77687e-08,1
253,1.83095e-09,3.7208e-06,0.000130144,5.66759e-08,1
254,1.76661e-09,3.65043e-06,0.000130154,5.56037e-08,1
255,1.70452e-09,3.58139e-06,0.000130163,5.45519e-08,1
256,1.64462e-09,3.51365e-06,0.000130172,5.35199e-08,1
257,1.58683e-09,3.44719e-06,0.000130181,5.25073e-08,1
258,1.53107e-09,3.38198e-06,0.00013019,5.1514e-08,1
259,1.47727e-09,3.31801e-06,0.000130199,5.05393e-08,1
260,1.42537e-09,3.25524e-06,0.000130207,4.95831e-08,1
261,1.37529e-09,3.19366e-06,0.000130215,4.8645e-08,1
262,1.32697e-09,3.13325e-06,0.000130224,4.77246e-08,1
263,1.28035e-09,3.07397e-06,0.000130232,4.68216e-08,1
264,1.23538e-09,3.01582e-06,0.000130239,4.59357e-08,1
265,1.19198e-09,2.95876e-06,0.000130247,4.50665e-08,1
