"Time","Infected","Quarantined","Deceased","Hospitalized","Output"
1,2.19844e-05,0.000148524,7.70962e-05,8.2765e-06,1
2,1.99932e-05,0.000141322,7.8519e-05,7.73295e-06,1
3,1.78671e-05,0.000134387,7.98464e-05,7.2385e-06,1
4,1.59737e-05,0.00012769,8.10872e-05,6.78668e-06,1
5,1.42869e-05,0.000121238,8.22491e-05,6.37196e-06,1
6,1.27838e-05,0.000115033,8.33388e-05,5.98969e-06,1
7,1.14442e-05,0.000109077,8.4362e-05,5.63598e-06,1
8,1.02501e-05,0.000103369,8.53238e-05,5.30758e-06,1
9,9.1854e-06,9.79059e-05,8.62288e-05,5.00174e-06,1
10,8.23593e-06,9.26854e-05,8.70809e-05,4.71615e-06,1
11,7.38691e-06,8.77022e-05,8.78837e-05,4.44884e-06,1
12,6.67795e-06,8.29507e-05,8.86405e-05,4.19814e-06,1
13,6.04151e-06,7.84291e-05,8.93541e-05,3.9626e-06,1
14,5.46993e-06,7.41297e-05,9.00272e-05,3.741e-06,1
15,4.95638e-06,7.00445e-05,9.06623e-05,3.53228e-06,1
16,4.49474e-06,6.61656e-05,9.12616e-05,3.33551e-06,1
17,4.07957e-06,6.24847e-05,9.18272e-05,3.14984e-06,1
18,3.70641e-06,5.89939e-05,9.23611e-05,2.97455e-06,1
19,3.37025e-06,5.56852e-05,9.2865e-05,2.80897e-06,1
20,3.0726e-06,5.25506e-05,9.33406e-05,2.6525e-06,1
21,2.80387e-06,4.95828e-05,9.37896e-05,2.5046e-06,1
22,2.56111e-06,4.67741e-05,9.42133e-05,2.36476e-06,1
23,2.34167e-06,4.41171e-05,9.46132e-05,2.23254e-06,1
24,2.1432e-06,4.16044e-05,9.49907e-05,2.10751e-06,1
25,1.96357e-06,3.92289e-05,9.53468e-05,1.98928e-06,1
26,1.80089e-06,3.69841e-05,9.56829e-05,1.87748e-06,1
27,1.65346e-06,3.48631e-05,9.6e-05,1.77176e-06,1
28,1.51975e-06,3.28599e-05,9.62991e-05,1.67181e-06,1
29,1.39841e-06,3.09684e-05,9.65813e-05,1.57732e-06,1
30,1.28821e-06,2.91827e-05,9.68475e-05,1.48799e-06,1
31,1.18805e-06,2.74973e-05,9.70985e-05,1.40357e-06,1
32,1.09694e-06,2.59069e-05,9.73352e-05,1.32379e-06,1
33,1.01401e-06,2.44066e-05,9.75584e-05,1.2484e-06,1
34,9.38447e-07,2.29914e-05,9.77689e-05,1.17719e-06,1
35,8.69552e-07,2.16568e-05,9.79673e-05,1.10992e-06,1
36,8.0668e-07,2.03983e-05,9.81544e-05,1.04639e-06,1
37,7.49255e-07,1.92119e-05,9.83307e-05,9.86406e-07,1
38,6.96757e-07,1.80936e-05,9.84969e-05,9.29773e-07,1
39,6.48722e-07,1.70395e-05,9.86535e-05,8.76315e-07,1
40,6.04728e-07,1.60462e-05,9.88011e-05,8.25862e-07,1
41,5.64399e-07,1.51103e-05,9.89401e-05,7.78252e-07,1
42,5.27393e-07,1.42285e-05,9.90712e-05,7.33332e-07,1
43,4.93404e-07,1.33978e-05,9.91946e-05,6.90957e-07,1
44,4.62078e-07,1.26153e-05,9.93109e-05,6.50987e-07,1
45,4.35437e-07,1.18782e-05,9.94205e-05,6.13292e-07,1
46,4.10743e-07,1.11843e-05,9.95237e-05,5.77747e-07,1
47,3.87828e-07,1.0531e-05,9.96209e-05,5.44235e-07,1
48,3.66587e-07,9.91593e-06,9.97125e-05,5.12644e-07,1
49,3.4683e-07,9.33691e-06,9.97987e-05,4.82868e-07,1
50,3.27542e-07,8.79186e-06,9.988e-05,4.54806e-07,1
51,3.31812e-07,8.2787e-06,9.99565e-05,4.28363e-07,1
52,3.33762e-07,7.79759e-06,0.000100029,4.03448e-07,1
53,3.33738e-07,7.34633e-06,0.000100096,3.79984e-07,1
54,3.32044e-07,6.9229e-06,0.00010016,3.57897e-07,1
55,3.28947e-07,6.52544e-06,0.00010022,3.37113e-07,1
56,3.24678e-07,6.15223e-06,0.000100277,3.1756e-07,1
57,3.19441e-07,5.80166e-06,0.000100331,2.99168e-07,1
58,3.13411e-07,5.47225e-06,0.000100381,2.81872e-07,1
59,3.06741e-07,5.16262e-06,0.000100428,2.65607e-07,1
60,2.99565e-07,4.8715e-06,0.000100473,2.50312e-07,1
61,2.91998e-07,4.59769e-06,0.000100515,2.3593e-07,1
62,2.84138e-07,4.34011e-06,0.000100555,2.22406e-07,1
63,2.76072e-07,4.09771e-06,0.000100592,2.09688e-07,1
64,2.67872e-07,3.86955e-06,0.000100627,1.97728e-07,1
65,2.59601e-07,3.65473e-06,0.000100661,1.86478e-07,1
66,2.51313e-07,3.45242e-06,0.000100692,1.75897e-07,1
67,2.43053e-07,3.26186e-06,0.000100721,1.65942e-07,1
68,2.34859e-07,3.08231e-06,0.000100749,1.56575e-07,1
69,2.26763e-07,2.91311e-06,0.000100776,1.47761e-07,1
70,2.18791e-07,2.75363e-06,0.0001008,1.39466e-07,1
71,2.10965e-07,2.60327e-06,0.000100824,1.31657e-07,1
72,2.03297e-07,2.46149e-06,0.000100846,1.24305e-07,1
73,1.96065e-07,2.32778e-06,0.000100867,1.17382e-07,1
74,1.8901e-07,2.20166e-06,0.000100887,1.10863e-07,1
75,1.82137e-07,2.0827e-06,0.000100905,1.04722e-07,1
76,1.75454e-07,1.97046e-06,0.000100923,9.89362e-08,1
77,1.68963e-07,1.86456e-06,0.00010094,9.3485e-08,1
78,1.62667e-07,1.7646e-06,0.000100955,8.8348e-08,1
79,1.56567e-07,1.67025e-06,0.00010097,8.35062e-08,1
80,1.50662e-07,1.58118e-06,0.000100984,7.89419e-08,1
81,1.44952e-07,1.49707e-06,0.000100997,7.46386e-08,1
82,1.39435e-07,1.41765e-06,0.00010101,7.05807e-08,1
83,1.34107e-07,1.34263e-06,0.000101022,6.67536e-08,1
84,1.28966e-07,1.27176e-06,0.000101033,6.31436e-08,1
85,1.24009e-07,1.20481e-06,0.000101044,5.97379e-08,1
86,1.1923e-07,1.14155e-06,0.000101054,5.65243e-08,1
87,1.14658e-07,1.08176e-06,0.000101063,5.34916e-08,1
88,1.10257e-07,1.02525e-06,0.000101072,5.06292e-08,1
89,1.06374e-07,9.71839e-07,0.000101081,4.79271e-08,1
90,1.02674e-07,9.21374e-07,0.000101089,4.53759e-08,1
91,9.91401e-08,8.73692e-07,0.000101096,4.29671e-08,1
92,9.57591e-08,8.28637e-07,0.000101104,4.06926e-08,1
93,9.2519e-08,7.86059e-07,0.00010111,3.85446e-08,1
94,8.94092e-08,7.45819e-07,0.000101117,3.6516e-08,1
95,8.64205e-08,7.07784e-07,0.000101123,3.46e-08,1
96,8.35446e-08,6.71829e-07,0.000101129,3.27903e-08,1
97,8.07744e-08,6.37835e-07,0.000101134,3.10807e-08,1
98,7.81034e-08,6.05692e-07,0.00010114,2.94656e-08,1
99,7.55259e-08,5.75293e-07,0.000101144,2.79395e-08,1
100,7.30369e-08,5.46539e-07,0.000101149,2.64976e-08,1
101,7.06318e-08,5.19337e-07,0.000101154,2.51349e-08,1
102,6.83066e-08,4.93599e-07,0.000101158,2.3847e-08,1
103,6.60576e-08,4.69241e-07,0.000101162,2.26295e-08,1
104,6.38815e-08,4.46186e-07,0.000101166,2.14786e-08,1
105,6.17753e-08,4.24358e-07,0.000101169,2.03904e-08,1
106,5.97362e-08,4.03689e-07,0.000101173,1.93614e-08,1
107,5.77617e-08,3.84114e-07,0.000101176,1.83881e-08,1
108,5.58495e-08,3.65569e-07,0.000101179,1.74675e-08,1
109,5.39974e-08,3.47999e-07,0.000101182,1.65965e-08,1
110,5.22033e-08,3.31347e-07,0.000101185,1.57724e-08,1
111,5.04654e-08,3.15562e-07,0.000101187,1.49924e-08,1
112,4.8782e-08,3.00596e-07,0.00010119,1.42541e-08,1
113,4.71512e-08,2.86403e-07,0.000101192,1.35551e-08,1
114,4.55716e-08,2.7294e-07,0.000101195,1.28933e-08,1
115,4.40415e-08,2.60167e-07,0.000101197,1.22664e-08,1
116,4.25595e-08,2.48046e-07,0.000101199,1.16726e-08,1
117,4.11243e-08,2.3654e-07,0.000101201,1.111e-08,1
118,3.97344e-08,2.25615e-07,0.000101203,1.05768e-08,1
119,3.83886e-08,2.15241e-07,0.000101204,1.00714e-08,1
120,3.70856e-08,2.05387e-07,0.000101206,9.5923e-09,1
121,3.58242e-08,1.96024e-07,0.000101208,9.13796e-09,1
122,3.46032e-08,1.87127e-07,0.000101209,8.70703e-09,1
123,3.34214e-08,1.78669e-07,0.000101211,8.29821e-09,1
124,3.22777e-08,1.70628e-07,0.000101212,7.91028e-09,1
125,3.1171e-08,1.62981e-07,0.000101213,7.5421e-09,1
126,3.01003e-08,1.55707e-07,0.000101215,7.19258e-09,1
127,2.90644e-08,1.48786e-07,0.000101216,6.86069e-09,1
128,2.80625e-08,1.42199e-07,0.000101217,6.54549e-09,1
129,2.70935e-08,1.3593e-07,0.000101218,6.24605e-09,1
130,2.61563e-08,1.29961e-07,0.000101219,5.96154e-09,1
131,2.52502e-08,1.24276e-07,0.00010122,5.69113e-09,1
132,2.43741e-08,1.18862e-07,0.000101221,5.43408e-09,1
133,2.35272e-08,1.13703e-07,0.000101222,5.18966e-09,1
134,2.27086e-08,1.08787e-07,0.000101223,4.95721e-09,1
135,2.19174e-08,1.04102e-07,0.000101224,4.73608e-09,1
136,2.11527e-08,9.96344e-08,0.000101225,4.52569e-09,1
137,2.04139e-08,9.53746e-08,0.000101225,4.32545e-09,1
138,1.97e-08,9.13116e-08,0.000101226,4.13484e-09,1
139,1.90103e-08,8.74356e-08,0.000101227,3.95335e-09,1
140,1.8344e-08,8.37373e-08,0.000101227,3.78051e-09,1
141,1.77004e-08,8.02076e-08,0.000101228,3.61587e-09,1
142,1.70788e-08,7.68383e-08,0.000101229,3.459e-09,1
143,1.64785e-08,7.36214e-08,0.000101229,3.30951e-09,1
144,1.58987e-08,7.05494e-08,0.00010123,3.16702e-09,1
145,1.53389e-08,6.76152e-08,0.00010123,3.03117e-09,1
146,1.47984e-08,6.48121e-08,0.000101231,2.90162e-09,1
147,1.42765e-08,6.21337e-08,0.000101231,2.77806e-09,1
148,1.37727e-08,5.9574e-08,0.000101232,2.66018e-09,1
149,1.32863e-08,5.71273e-08,0.000101232,2.54769e-09,1
150,1.28169e-08,5.47881e-08,0.000101233,2.44034e-09,1
151,1.23637e-08,5.25514e-08,0.000101233,2.33787e-09,1
152,1.19264e-08,5.04122e-08,0.000101233,2.24002e-09,1
153,1.15042e-08,4.8366e-08,0.000101234,2.14659e-09,1
154,1.10969e-08,4.64083e-08,0.000101234,2.05734e-09,1
155,1.07038e-08,4.45351e-08,0.000101235,1.97208e-09,1
156,1.03244e-08,4.27424e-08,0.000101235,1.89061e-09,1
157,9.95837e-09,4.10265e-08,0.000101235,1.81275e-09,1
158,9.60518e-09,3.93837e-08,0.000101236,1.73832e-09,1
159,9.2644e-09,3.78108e-08,0.000101236,1.66717e-09,1
160,8.93562e-09,3.63046e-08,0.000101236,1.59913e-09,1
161,8.61842e-09,3.48619e-08,0.000101236,1.53406e-09,1
162,8.3124e-09,3.348e-08,0.000101237,1.47182e-09,1
163,8.01718e-09,3.2156e-08,0.000101237,1.41227e-09,1
164,7.73239e-09,3.08873e-08,0.000101237,1.35528e-09,1
165,7.45767e-09,2.96715e-08,0.000101237,1.30075e-09,1
166,7.19266e-09,2.85062e-08,0.000101238,1.24855e-09,1
167,6.93704e-09,2.73892e-08,0.000101238,1.19857e-09,1
168,6.69047e-09,2.63183e-08,0.000101238,1.15072e-09,1
169,6.45264e-09,2.52914e-08,0.000101238,1.1049e-09,1
170,6.22325e-09,2.43067e-08,0.000101238,1.06101e-09,1
171,6.002e-09,2.33623e-08,0.000101239,1.01897e-09,1
172,5.7886e-09,2.24564e-08,0.000101239,9.78688e-10,1
173,5.58279e-09,2.15873e-08,0.000101239,9.40091e-10,1
174,5.38428e-09,2.07535e-08,0.000101239,9.03102e-10,1
175,5.19284e-09,1.99535e-08,0.000101239,8.67649e-10,1
176,5.0082e-09,1.91857e-08,0.000101239,8.33664e-10,1
177,4.83014e-09,1.84488e-08,0.000101239,8.01081e-10,1
178,4.6584e-09,1.77415e-08,0.00010124,7.69838e-10,1
179,4.49279e-09,1.70625e-08,0.00010124,7.39877e-10,1
180,4.33307e-09,1.64106e-08,0.00010124,7.11142e-10,1
181,4.17903e-09,1.57847e-08,0.00010124,6.83578e-10,1
182,4.03049e-09,1.51837e-08,0.00010124,6.57135e-10,1
183,3.88724e-09,1.46065e-08,0.00010124,6.31765e-10,1
184,3.74909e-09,1.40521e-08,0.00010124,6.0742e-10,1
185,3.61586e-09,1.35196e-08,0.00010124,5.84058e-10,1
186,3.48739e-09,1.30081e-08,0.00010124,5.61635e-10,1
187,3.36349e-09,1.25166e-08,0.000101241,5.40112e-10,1
188,3.24401e-09,1.20445e-08,0.000101241,5.1945e-10,1
189,3.12879e-09,1.15908e-08,0.000101241,4.99613e-10,1
190,3.01768e-09,1.11548e-08,0.000101241,4.80566e-10,1
191,2.91053e-09,1.07358e-08,0.000101241,4.62276e-10,1
192,2.8072e-09,1.03331e-08,0.000101241,4.4471e-10,1
193,2.70756e-09,9.94604e-09,0.000101241,4.27839e-10,1
194,2.61146e-09,9.57395e-09,0.000101241,4.11634e-10,1
195,2.5188e-09,9.21625e-09,0.000101241,3.96066e-10,1
196,2.42943e-09,8.87235e-09,0.000101241,3.8111e-10,1
197,2.34326e-09,8.54169e-09,0.000101241,3.6674e-10,1
198,2.26015e-09,8.22375e-09,0.000101241,3.52932e-10,1
199,2.18001e-09,7.91801e-09,0.000101241,3.39662e-10,1
200,2.10272e-09,7.62398e-09,0.000101242,3.2691e-10,1
201,2.02819e-09,7.3412e-09,0.000101242,3.14653e-10,1
202,1.95631e-09,7.06921e-09,0.000101242,3.02871e-10,1
203,1.88699e-09,6.8076e-09,0.000101242,2.91545e-10,1
204,1.82015e-09,6.55593e-09,0.000101242,2.80658e-10,1
205,1.75568e-09,6.31384e-09,0.000101242,2.7019e-10,1
206,1.69351e-09,6.08093e-09,0.000101242,2.60124e-10,1
207,1.63356e-09,5.85684e-09,0.000101242,2.50446e-10,1
208,1.57574e-09,5.64122e-09,0.000101242,2.41139e-10,1
209,1.51997e-09,5.43376e-09,0.000101242,2.32189e-10,1
210,1.4662e-09,5.23411e-09,0.000101242,2.2358e-10,1
211,1.41433e-09,5.04199e-09,0.000101242,2.153e-10,1
212,1.36431e-09,4.85709e-09,0.000101242,2.07336e-10,1
213,1.31607e-09,4.67914e-09,0.000101242,1.99674e-10,1
214,1.26955e-09,4.50787e-09,0.000101242,1.92304e-10,1
215,1.22468e-09,4.34301e-09,0.000101242,1.85213e-10,1
216,1.18141e-09,4.18431e-09,0.000101242,1.78391e-10,1
217,1.13967e-09,4.03155e-09,0.000101242,1.71826e-10,1
218,1.09942e-09,3.88449e-09,0.000101242,1.6551e-10,1
219,1.06059e-09,3.74291e-09,0.000101242,1.59431e-10,1
220,1.02315e-09,3.60661e-09,0.000101242,1.53581e-10,1
221,9.87037e-10,3.47537e-09,0.000101242,1.47952e-10,1
222,9.52206e-10,3.34901e-09,0.000101242,1.42533e-10,1
223,9.18611e-10,3.22734e-09,0.000101242,1.37318e-10,1
224,8.86208e-10,3.11017e-09,0.000101242,1.32298e-10,1
225,8.54956e-10,2.99735e-09,0.000101242,1.27466e-10,1
226,8.24812e-10,2.88869e-09,0.000101242,1.22814e-10,1
227,7.95737e-10,2.78405e-09,0.000101242,1.18336e-10,1
228,7.67693e-10,2.68328e-09,0.000101242,1.14025e-10,1
229,7.40644e-10,2.58621e-09,0.000101243,1.09874e-10,1
230,7.14553e-10,2.49273e-09,0.000101243,1.05877e-10,1
231,6.89387e-10,2.40268e-09,0.000101243,1.02029e-10,1
232,6.65112e-10,2.31595e-09,0.000101243,9.83239e-11,1
233,6.41697e-10,2.2324e-09,0.000101243,9.47557e-11,1
234,6.19111e-10,2.15191e-09,0.000101243,9.13196e-11,1
235,5.97325e-10,2.07438e-09,0.000101243,8.80106e-11,1
236,5.7631e-10,1.99969e-09,0.000101243,8.48237e-11,1
237,5.56039e-10,1.92773e-09,0.000101243,8.17544e-11,1
238,5.36484e-10,1.8584e-09,0.000101243,7.87982e-11,1
239,5.17622e-10,1.7916e-09,0.000101243,7.59508e-11,1
240,4.99426e-10,1.72724e-09,0.000101243,7.32082e-11,1
241,4.81874e-10,1.66523e-09,0.000101243,7.05664e-11,1
242,4.64942e-10,1.60548e-09,0.000101243,6.80215e-11,1
243,4.48608e-10,1.54791e-09,0.000101243,6.557e-11,1
244,4.32851e-10,1.49243e-09,0.000101243,6.32084e-11,1
245,4.17651e-10,1.43897e-09,0.000101243,6.09332e-11,1
246,4.02988e-10,1.38745e-09,0.000101243,5.87412e-11,1
247,3.88842e-10,1.3378e-09,0.000101243,5.66294e-11,1
248,3.75196e-10,1.28995e-09,0.000101243,5.45946e-11,1
249,3.62031e-10,1.24384e-09,0.000101243,5.26342e-11,1
250,3.4933e-10,1.19939e-09,0.000101243,5.07452e-11,1
251,3.37078e-10,1.15656e-09,0.000101243,4.8925e-11,1
252,3.25257e-10,1.11528e-09,0.000101243,4.7171e-11,1
253,3.13854e-10,1.07548e-09,0.000101243,4.54809e-11,1
254,3.02852e-10,1.03713e-09,0.000101243,4.38522e-11,1
255,2.92238e-10,1.00016e-09,0.000101243,4.22826e-11,1
256,2.81997e-10,9.64525e-10,0.000101243,4.077e-11,1
257,2.72118e-10,9.30175e-10,0.000101243,3.93123e-11,1
258,2.62586e-10,8.97062e-10,0.000101243,3.79074e-11,1
259,2.5339e-10,8.65142e-10,0.000101243,3.65533e-11,1
260,2.44518e-10,8.34371e-10,0.000101243,3.52483e-11,1
261,2.35958e-10,8.04707e-10,0.000101243,3.39905e-11,1
262,2.27699e-10,7.7611e-10,0.000101243,3.27781e-11,1
263,2.1973e-10,7.4854e-10,0.000101243,3.16095e-11,1
264,2.12042e-10,7.2196e-10,0.000101243,3.04831e-11,1
265,2.04624e-10,6.96334e-10,0.000101243,2.93973e-11,1
