"Time","Infected","Quarantined","Deceased","Hospitalized","Output"
1,2.19844e-05,0.000148524,7.70962e-05,8.2765e-06,0
2,1.99932e-05,0.000141322,7.8519e-05,7.73295e-06,0
3,2.01442e-05,0.000134387,7.98464e-05,7.2385e-06,0
4,2.02906e-05,0.000127893,8.10872e-05,6.78668e-06,0
5,2.04312e-05,0.000121813,8.22491e-05,6.37301e-06,0
6,2.05663e-05,0.000116121,8.33389e-05,5.99355e-06,0
7,2.06964e-05,0.000110792,8.43628e-05,5.64485e-06,0
8,2.08222e-05,0.000105803,8.53262e-05,5.3239e-06,0
9,2.09441e-05,0.000101133,8.6234e-05,5.02806e-06,0
10,2.10626e-05,9.67622e-05,8.70907e-05,4.75498e-06,0
11,2.12206e-05,9.26715e-05,8.79002e-05,4.50259e-06,0
12,2.15879e-05,8.88473e-05,8.86662e-05,4.26906e-06,0
13,2.20166e-05,8.52917e-05,8.9392e-05,4.05276e-06,0
14,2.25191e-05,8.19937e-05,9.00806e-05,3.85235e-06,0
15,2.31097e-05,7.8944e-05,9.07348e-05,3.66664e-06,0
16,2.38057e-05,7.61351e-05,9.13572e-05,3.49459e-06,0
17,2.46278e-05,7.35615e-05,9.195e-05,3.33526e-06,0
18,2.56017e-05,7.122e-05,9.25156e-05,3.18787e-06,0
19,2.67559e-05,6.91099e-05,9.3056e-05,3.05171e-06,0
20,2.81343e-05,6.72328e-05,9.3573e-05,2.9262e-06,0
21,2.97668e-05,6.55945e-05,9.40687e-05,2.81086e-06,0
22,3.16682e-05,6.42028e-05,9.45446e-05,2.70531e-06,0
23,3.38863e-05,6.30666e-05,9.50026e-05,2.60928e-06,0
24,3.65133e-05,6.21983e-05,9.54442e-05,2.52257e-06,0
25,3.96264e-05,6.16179e-05,9.5871e-05,2.4451e-06,0
26,4.3316e-05,6.13509e-05,9.62846e-05,2.37689e-06,0
27,4.76837e-05,6.14294e-05,9.66866e-05,2.3181e-06,0
28,5.28652e-05,6.18927e-05,9.70785e-05,2.26902e-06,0
29,5.57688e-05,6.27895e-05,9.74622e-05,2.2301e-06,0
30,5.6655e-05,6.38899e-05,9.78392e-05,2.20197e-06,0
31,5.74904e-05,6.50015e-05,9.82114e-05,2.18399e-06,0
32,5.8278e-05,6.6119e-05,9.85805e-05,2.17459e-06,0
33,5.9021e-05,6.72379e-05,9.89481e-05,2.17246e-06,0
34,5.97221e-05,6.8354e-05,9.93153e-05,2.17645e-06,0
35,6.03842e-05,6.94637e-05,9.96832e-05,2.18558e-06,0
36,6.10098e-05,7.05641e-05,0.000100053,2.199e-06,0
37,6.16013e-05,7.16523e-05,0.000100424,2.21598e-06,0
38,6.2161e-05,7.27262e-05,0.000100799,2.2359e-06,0
39,6.2691e-05,7.37838e-05,0.000101177,2.25822e-06,0
40,6.31933e-05,7.48234e-05,0.000101559,2.28247e-06,0
41,6.36698e-05,7.58436e-05,0.000101945,2.30826e-06,0
42,6.41224e-05,7.68434e-05,0.000102335,2.33524e-06,0
43,6.45528e-05,7.78219e-05,0.00010273,2.36312e-06,0
44,6.49625e-05,7.87785e-05,0.000103129,2.39165e-06,0
45,6.53547e-05,7.97125e-05,0.000103534,2.4206e-06,0
46,6.57339e-05,8.06239e-05,0.000103943,2.4498e-06,0
47,6.6095e-05,8.15129e-05,0.000104358,2.47909e-06,0
48,6.64421e-05,8.23793e-05,0.000104777,2.50834e-06,0
49,6.67789e-05,8.32232e-05,0.000105202,2.53744e-06,0
50,6.71073e-05,8.40451e-05,0.000105631,2.56629e-06,0
51,6.74296e-05,8.48455e-05,0.000106065,2.59483e-06,0
52,6.77483e-05,8.56253e-05,0.000106504,2.62298e-06,0
53,6.80658e-05,8.63855e-05,0.000106948,2.65071e-06,0
54,6.83852e-05,8.7127e-05,0.000107397,2.67798e-06,0
55,6.87324e-05,8.78513e-05,0.00010785,2.70477e-06,0
56,6.91288e-05,8.85619e-05,0.000108308,2.73106e-06,0
57,6.95806e-05,8.9264e-05,0.00010877,2.75686e-06,0
58,7.01025e-05,8.99631e-05,0.000109237,2.78221e-06,0
59,7.07124e-05,9.06656e-05,0.000109708,2.80715e-06,0
60,7.13403e-05,9.13792e-05,0.000110183,2.83178e-06,0
61,7.19851e-05,9.21047e-05,0.000110663,2.8562e-06,0
62,7.27427e-05,9.2843e-05,0.000111147,2.88051e-06,0
63,7.36408e-05,9.36033e-05,0.000111634,2.90478e-06,0
64,7.47133e-05,9.43968e-05,0.000112126,2.92914e-06,0
65,7.6002e-05,9.52371e-05,0.000112623,2.95374e-06,0
66,7.75577e-05,9.61404e-05,0.000113123,2.97879e-06,0
67,7.94433e-05,9.71267e-05,0.000113628,3.00455e-06,0
68,8.17356e-05,9.82204e-05,0.000114137,3.03133e-06,0
69,8.45293e-05,9.94511e-05,0.00011465,3.05952e-06,0
70,8.79406e-05,0.000100855,0.000115169,3.0896e-06,0
71,9.21123e-05,0.000102476,0.000115692,3.12218e-06,0
72,9.45615e-05,0.00010437,0.000116221,3.15799e-06,0
73,9.54582e-05,0.000106365,0.000116757,3.19791e-06,0
74,9.63357e-05,0.000108317,0.000117299,3.24182e-06,0
75,9.7195e-05,0.000110227,0.000117848,3.28887e-06,0
76,9.80376e-05,0.000112096,0.000118406,3.33835e-06,0
77,9.88643e-05,0.000113925,0.000118972,3.38964e-06,0
78,9.97237e-05,0.000115714,0.000119547,3.44227e-06,0
79,0.000100706,0.00011747,0.000120131,3.49581e-06,0
80,0.000101746,0.000119205,0.000120724,3.54995e-06,0
81,0.000102857,0.000120926,0.000121326,3.60448e-06,0
82,0.000104057,0.00012264,0.000121938,3.65928e-06,0
83,0.000105363,0.000124355,0.000122559,3.71425e-06,0
84,0.000106798,0.00012608,0.000123189,3.76938e-06,0
85,0.000108389,0.000127827,0.000123829,3.82469e-06,0
86,0.000110168,0.000129609,0.000124479,3.88028e-06,0
87,0.000112171,0.000131439,0.000125138,3.93627e-06,0
88,0.000114437,0.000133335,0.000125807,3.99285e-06,0
89,0.000117016,0.000135316,0.000126485,4.05026e-06,0
90,0.000119973,0.000137405,0.000127173,4.10882e-06,0
91,0.000123378,0.000139628,0.000127871,4.1689e-06,0
92,0.000127178,0.000142019,0.00012858,4.23096e-06,0
93,0.00013152,0.0001446,0.000129299,4.29554e-06,0
94,0.0001366,0.00014741,0.000130029,4.36323e-06,0
95,0.000139537,0.000150499,0.000130772,4.43472e-06,0
96,0.000140705,0.00015366,0.000131526,4.51085e-06,0
97,0.000141816,0.00015673,0.000132293,4.59125e-06,0
98,0.000142873,0.00015971,0.000133075,4.67478e-06,0
99,0.000143881,0.0001626,0.00013387,4.76047e-06,0
100,0.000144842,0.000165401,0.000134681,4.84753e-06,0
101,0.000145762,0.000168116,0.000135506,4.93526e-06,0
102,0.000146641,0.000170745,0.000136347,5.02312e-06,0
103,0.000147482,0.000173291,0.000137203,5.11065e-06,0
104,0.000148289,0.000175754,0.000138074,5.19746e-06,0
105,0.000149067,0.000178138,0.000138959,5.28324e-06,0
106,0.000149817,0.000180443,0.00013986,5.36774e-06,0
107,0.000150544,0.000182674,0.000140776,5.45076e-06,0
108,0.000151238,0.000184831,0.000141705,5.53214e-06,0
109,0.000151903,0.000186918,0.000142649,5.61178e-06,0
110,0.000152547,0.000188935,0.000143607,5.68957e-06,0
111,0.000153174,0.000190885,0.000144578,5.76545e-06,0
112,0.000153786,0.00019277,0.000145562,5.83938e-06,0
113,0.000154385,0.000194594,0.000146559,5.91133e-06,0
114,0.000154973,0.000196359,0.000147569,5.9813e-06,0
115,0.000155552,0.000198068,0.000148591,6.04929e-06,0
116,0.000156123,0.000199722,0.000149624,6.11533e-06,0
117,0.000156629,0.000201326,0.000150669,6.17945e-06,0
118,0.000157012,0.000202875,0.000151726,6.24168e-06,0
119,0.000157374,0.000204364,0.000152793,6.30206e-06,0
120,0.000157716,0.000205792,0.00015387,6.36055e-06,0
121,0.000158045,0.000207163,0.000154958,6.41714e-06,0
122,0.000158331,0.000208479,0.000156055,6.47185e-06,0
123,0.000158602,0.00020974,0.000157162,6.52467e-06,0
124,0.000158858,0.000210946,0.000158279,6.57563e-06,0
125,0.000159097,0.000212101,0.000159404,6.62474e-06,0
126,0.000159322,0.000213206,0.000160537,6.67203e-06,0
127,0.000159536,0.000214263,0.000161679,6.71753e-06,0
128,0.000159739,0.000215274,0.000162829,6.76127e-06,0
129,0.000159931,0.000216241,0.000163987,6.8033e-06,0
130,0.000160114,0.000217165,0.000165151,6.84365e-06,0
131,0.000160285,0.000218048,0.000166323,6.88238e-06,0
132,0.000160448,0.000218893,0.000167502,6.91953e-06,0
133,0.000160603,0.000219699,0.000168687,6.95515e-06,0
134,0.000160751,0.00022047,0.000169878,6.98928e-06,0
135,0.000160892,0.000221206,0.000171076,7.02198e-06,0
136,0.000161028,0.00022191,0.000172279,7.0533e-06,0
137,0.000161159,0.000222582,0.000173487,7.08328e-06,0
138,0.000161288,0.000223224,0.000174701,7.11198e-06,0
139,0.000161416,0.000223839,0.000175919,7.13945e-06,0
140,0.000161543,0.000224427,0.000177143,7.16573e-06,0
141,0.000161672,0.000224989,0.000178371,7.19088e-06,0
142,0.000161803,0.000225529,0.000179603,7.21494e-06,0
143,0.000161982,0.000226047,0.00018084,7.23798e-06,0
144,0.000162196,0.000226549,0.000182081,7.26004e-06,0
145,0.000162485,0.000227039,0.000183325,7.28119e-06,0
146,0.000162864,0.000227525,0.000184574,7.30152e-06,0
147,0.00016335,0.000228015,0.000185826,7.32113e-06,0
148,0.000163965,0.000228517,0.000187081,7.34016e-06,0
149,0.000164735,0.000229044,0.000188339,7.35877e-06,0
150,0.000165689,0.000229607,0.000189601,7.37714e-06,0
151,0.000166839,0.00023022,0.000190866,7.39551e-06,0
152,0.000168225,0.000230898,0.000192135,7.41413e-06,0
153,0.000169811,0.000231657,0.000193406,7.4333e-06,0
154,0.000171617,0.000232512,0.000194681,7.45335e-06,0
155,0.000173776,0.000233474,0.000195959,7.47464e-06,0
156,0.000176355,0.00023457,0.000197242,7.49752e-06,0
157,0.000179431,0.000235828,0.000198528,7.52243e-06,0
158,0.000183095,0.000237283,0.000199818,7.54989e-06,0
159,0.000187455,0.000238975,0.000201113,7.58051e-06,0
160,0.000189821,0.000240952,0.000202414,7.61502e-06,0
161,0.000190627,0.000243017,0.000203721,7.65427e-06,0
162,0.000191389,0.000245027,0.000205034,7.69796e-06,0
163,0.00019211,0.000246981,0.000206356,7.7451e-06,0
164,0.000192793,0.000248879,0.000207685,7.79486e-06,0
165,0.000193442,0.00025072,0.000209023,7.84653e-06,0
166,0.000194058,0.000252506,0.000210371,7.89951e-06,0
167,0.000194644,0.000254237,0.000211727,7.95331e-06,0
168,0.000195203,0.000255913,0.000213093,8.00751e-06,0
169,0.000195737,0.000257535,0.000214469,8.06177e-06,0
170,0.000196247,0.000259106,0.000215854,8.11581e-06,0
171,0.000196736,0.000260624,0.000217249,8.16937e-06,0
172,0.000197206,0.000262093,0.000218652,8.22228e-06,0
173,0.000197659,0.000263513,0.000220066,8.27438e-06,0
174,0.000198097,0.000264886,0.000221488,8.32554e-06,0
175,0.000198522,0.000266213,0.00022292,8.37568e-06,0
176,0.000198934,0.000267496,0.00022436,8.42471e-06,0
177,0.000199336,0.000268737,0.000225809,8.47258e-06,0
178,0.00019973,0.000269937,0.000227266,8.51927e-06,0
179,0.000200116,0.000271098,0.000228732,8.56474e-06,0
180,0.000200497,0.000272222,0.000230205,8.60899e-06,0
181,0.000200737,0.000273311,0.000231686,8.65202e-06,0
182,0.000200914,0.000274354,0.000233175,8.69385e-06,0
183,0.000201078,0.000275348,0.000234672,8.73442e-06,0
184,0.000201229,0.000276296,0.000236175,8.77368e-06,0
185,0.00020136,0.000277198,0.000237685,8.8116e-06,0
186,0.00020147,0.000278057,0.000239202,8.84817e-06,0
187,0.000201568,0.000278872,0.000240726,8.88336e-06,0
188,0.000201655,0.000279646,0.000242255,8.91718e-06,0
189,0.000201732,0.00028038,0.000243791,8.94963e-06,0
190,0.000201799,0.000281076,0.000245332,8.98071e-06,0
191,0.000201858,0.000281734,0.000246879,9.01045e-06,0
192,0.000201909,0.000282357,0.000248431,9.03887e-06,0
193,0.000201953,0.000282947,0.000249988,9.06599e-06,0
194,0.000201991,0.000283504,0.00025155,9.09185e-06,0
195,0.000202022,0.00028403,0.000253117,9.11648e-06,0
196,0.000202029,0.000284526,0.000254688,9.13992e-06,0
197,0.00020203,0.000284992,0.000256263,9.16219e-06,0
198,0.000202023,0.00028543,0.000257842,9.18334e-06,0
199,0.00020201,0.00028584,0.000259424,9.20339e-06,0
200,0.00020199,0.000286223,0.00026101,9.22237e-06,0
201,0.000201966,0.000286581,0.0002626,9.24031e-06,0
202,0.000201936,0.000286915,0.000264193,9.25726e-06,0
203,0.000201902,0.000287226,0.000265788,9.27324e-06,0
204,0.000201862,0.000287514,0.000267387,9.28828e-06,0
205,0.000201815,0.000287781,0.000268988,9.30243e-06,0
206,0.000201806,0.000288027,0.000270592,9.31571e-06,0
207,0.000201771,0.000288258,0.000272198,9.32815e-06,0
208,0.000201792,0.000288471,0.000273806,9.3398e-06,0
209,0.000201882,0.000288672,0.000275416,9.3507e-06,0
210,0.000202011,0.00028887,0.000277028,9.36092e-06,0
211,0.000202238,0.000289067,0.000278642,9.37053e-06,0
212,0.000202583,0.000289271,0.000280258,9.37963e-06,0
213,0.000203066,0.000289494,0.000281875,9.38834e-06,0
214,0.000203711,0.000289746,0.000283494,9.39682e-06,0
215,0.000204549,0.000290041,0.000285115,9.40525e-06,0
216,0.000205615,0.000290391,0.000286736,9.41387e-06,0
217,0.00020695,0.000290816,0.00028836,9.42293e-06,0
218,0.000208604,0.000291333,0.000289985,9.43274e-06,0
219,0.000210633,0.000291966,0.000291612,9.44367e-06,0
220,0.000213107,0.00029274,0.00029324,9.45613e-06,0
221,0.000216106,0.000293688,0.000294871,9.47061e-06,0
222,0.000219726,0.000294844,0.000296504,9.48769e-06,0
223,0.000224077,0.000296253,0.000298141,9.50804e-06,0
224,0.000226294,0.000297962,0.000299781,9.53243e-06,0
225,0.000226877,0.000299763,0.000301425,9.56177e-06,0
226,0.00022741,0.000301506,0.000303075,9.59577e-06,0
227,0.000227898,0.000303188,0.00030473,9.63337e-06,0
228,0.000228343,0.00030481,0.000306393,9.67369e-06,0
229,0.000228749,0.000306372,0.000308062,9.71598e-06,0
230,0.000229119,0.000307874,0.000309739,9.75963e-06,0
231,0.000229454,0.000309316,0.000311424,9.80409e-06,0
232,0.00022976,0.000310699,0.000313116,9.84895e-06,0
233,0.00023004,0.000312024,0.000314816,9.89382e-06,0
234,0.000230297,0.000313292,0.000316525,9.93841e-06,0
235,0.000230533,0.000314505,0.000318241,9.98246e-06,0
236,0.000230752,0.000315664,0.000319965,1.00258e-05,0
237,0.000230956,0.000316771,0.000321697,1.00682e-05,0
238,0.000231145,0.000317828,0.000323436,1.01096e-05,0
239,0.000231326,0.000318837,0.000325183,1.01499e-05,0
240,0.000231515,0.000319799,0.000326937,1.0189e-05,0
241,0.000231467,0.000320719,0.000328698,1.02268e-05,0
242,0.000231446,0.000321578,0.000330465,1.02634e-05,0
243,0.000231464,0.000322382,0.000332239,1.02986e-05,0
244,0.000231534,0.000323139,0.000334019,1.03324e-05,0
245,0.00023167,0.000323854,0.000335806,1.03647e-05,0
246,0.000231784,0.000324538,0.000337598,1.03956e-05,0
247,0.000231882,0.00032519,0.000339395,1.04251e-05,0
248,0.000232052,0.00032581,0.000341198,1.04532e-05,0
249,0.000232315,0.000326407,0.000343006,1.04801e-05,0
250,0.000232695,0.000326991,0.000344818,1.05058e-05,0
251,0.000233219,0.000327573,0.000346635,1.05305e-05,0
252,0.000233924,0.000328165,0.000348457,1.05542e-05,0
253,0.000234853,0.000328784,0.000350283,1.05772e-05,0
254,0.000236059,0.000329447,0.000352112,1.05998e-05,0
255,0.000237606,0.000330178,0.000353946,1.06222e-05,0
256,0.000239574,0.000331001,0.000355784,1.06448e-05,0
257,0.000242059,0.000331948,0.000357626,1.0668e-05,0
258,0.000245182,0.000333059,0.000359472,1.06925e-05,0
259,0.000246848,0.00033438,0.000361322,1.07188e-05,0
260,0.000247423,0.000335768,0.000363177,1.07478e-05,0
261,0.000247975,0.000337122,0.000365037,1.07793e-05,0
262,0.000248513,0.000338442,0.000366903,1.08128e-05,0
263,0.000249039,0.000339728,0.000368775,1.08478e-05,0
264,0.000249554,0.000340981,0.000370653,1.08839e-05,0
265,0.000250062,0.000342203,0.000372537,1.09207e-05,0
